29.56573	5.63994902005623	0.121308	9.9574	10.6224	24.58577	16.3567901330312
29.5702455355355	5.73186633046954	0.243326	9.8343	11.2584	24.5875831931932	16.2174371146911
29.5747610710711	5.82284353706469	0.365244	9.7271	11.1472	24.5893963863864	16.0793448854185
29.5792766066066	5.91289025495318	0.487113	9.5309	10.4736	24.5912095795796	15.9425020382914
29.5837921421421	6.00201600090605	0.609041	9.368	10.7944	24.5930227727728	15.8068972695908
29.5883076776777	6.09023019435917	0.730934	9.2406	11.1904	24.594835965966	15.6725193778674
29.5928232132132	6.17754215840948	0.852841	9.1	11.196	24.5966491591592	15.5393572630165
29.5973387487487	6.26396112079986	0.974729	8.9962	11.4032	24.5984623523524	15.4073999253616
29.6018542842843	6.3494962148945	1.09937	8.94178	11.3536	24.6002755455455	15.2766364647443
29.6063698198198	6.43415648064426	1.22125	8.77307	10.8608	24.6020887387387	15.1470560796253
29.6108853553554	6.51795086554165	1.34316	8.75601	11.236	24.6039019319319	15.0186480661913
29.6154008908909	6.60088822556713	1.46505	8.86146	11.6512	24.6057151251251	14.891401817472
29.6199164264264	6.68297732612464	1.58693	8.56111	11.384	24.6075283183183	14.7653068224622
29.624431961962	6.76422684296809	1.70889	8.55344	11.2032	24.6093415115115	14.6403526652547
29.6289474974975	6.84464536311838	1.83076	8.40948	11.2096	24.6111547047047	14.5165290241801
29.633463033033	6.92424138577048	1.95265	7.80206	11.3664	24.6129678978979	14.3938256709534
29.6379785685686	7.0030233231924	2.07455	2.75307	11.6528	24.6147810910911	14.2722324698293
29.6424941041041	7.08099950161376	2.19642	2.27072	11.8824	24.6165942842843	14.1517393767653
29.6470096396396	7.15817816210591	2.3183	1.91479	11.552	24.6184074774775	14.0323364385921
29.6515251751752	7.23456746145299	2.44018	1.76084	11.2088	24.6202206706707	13.914013792191
29.6560407107107	7.31017547301358	2.56207	1.63522	11.5792	24.6220338638639	13.7967616636792
29.6605562462462	7.3850101875746	2.68397	1.46701	11.8016	24.6238470570571	13.6805703676025
29.6650717817818	7.45907951419537	2.80588	1.33239	12.0096	24.6256602502502	13.5654303061355
29.6695873173173	7.53239128104365	2.92776	1.22655	11.9112	24.6274734434434	13.4513319682889
29.6741028528529	7.60495323622304	3.04964	1.13197	11.596	24.6292866366366	13.3382659291232
29.6786183883884	7.67677304859146	3.17161	1.06921	12.1344	24.6310998298298	13.2262228489704
29.6831339239239	7.74785830857227	3.29351	0.97772	12.32	24.632913023023	13.1151934726634
29.6876494594595	7.81821652895604	3.4154	0.96593	11.9168	24.6347262162162	13.0051686287699
29.692164994995	7.88785514569471	3.5373	0.9975	11.892	24.6365394094094	12.896139228836
29.6966805305305	7.95678151868751	3.6592	0.94606	12.5152	24.6383526026026	12.7880962666351
29.7011960660661	8.02500293255847	3.78109	0.9619	12.1944	24.6401657957958	12.681030817424
29.7057116016016	8.09252659742685	3.90298	0.91073	12.3816	24.641978988989	12.5749340372057
29.7102271371371	8.15935964966879	4.02484	0.91614	12.8472	24.6437921821822	12.4697971619985
29.7147426726727	8.22550915267165	4.14676	0.92972	12.0768	24.6456053753754	12.3656115071125
29.7192582082082	8.29098209758056	4.26863	0.92907	12.328	24.6474185685686	12.2623684664324
29.7237737437437	8.35578540403697	4.39211	0.896349	12.6448	24.6492317617618	12.1600595117058
29.7282892792793	8.41992592091048	4.51285	0.872805	12.276	24.651044954955	12.0586761918393
29.7328048148148	8.48341042702236	4.63357	0.850824	12.2176	24.6528581481481	11.9582101322008
29.7373203503503	8.54624563186203	4.75432	0.884955	12.5528	24.6546713413413	11.8586530339265
29.7418358858859	8.60843817629626	4.87505	0.867616	11.9216	24.6564845345345	11.7599966732368
29.7463514214214	8.66999463327069	4.99578	0.857274	11.8936	24.6582977277277	11.6622329007556
29.750866956957	8.73092150850504	5.11677	0.864929	12.1576	24.6601109209209	11.5653536408387
29.7553824924925	8.79122524118029	5.2376	0.864322	12.2256	24.6619241141141	11.4693508909052
29.759898028028	8.85091220461934	5.35833	0.86483	12.3208	24.6637373073073	11.3742167207774
29.7644135635636	8.90998870696064	5.47908	0.839773	12.328	24.6655505005005	11.2799432720253
29.7689290990991	8.96846099182461	5.59985	0.80381	12.2168	24.6673636936937	11.186522757318
29.7734446346346	9.02633523897391	5.72064	0.810752	11.9248	24.6691768868869	11.0939474597797
29.7779601701702	9.08361756496632	5.84137	0.79381	12.732	24.6709900800801	11.0022097323525
29.7824757057057	9.14031402380121	5.96213	0.814391	12.8512	24.6728032732733	10.9113019971655
29.7869912412412	9.19643060755947	6.08294	0.755218	11.988	24.6746164664665	10.8212167449076
29.7915067767768	9.25197324703647	6.20368	0.78229	12.4712	24.6764296596597	10.7319465342079
29.7960223123123	9.30694781236935	6.32445	0.775479	12.2392	24.6782428528529	10.6434839910209
29.8005378478478	9.36136011365709	6.44517	0.77151	12.284	24.680056046046	10.5558218080178
29.8050533833834	9.41521590157464	6.56591	0.757318	13.0304	24.6818692392392	10.4689527439819
29.8095689189189	9.46852086798082	6.68664	0.774166	12.8616	24.6836824324324	10.3828696232113
29.8140844544545	9.52128064651947	6.80739	0.768421	12.0968	24.6854956256256	10.2975653349258
29.81859998999	9.57350081321541	6.92815	0.750335	12.9144	24.6873088188188	10.2130328326797
29.8231155255255	9.62518688706339	7.0489	0.763241	12.96	24.689122012012	10.1292651337798
29.8276310610611	9.67634433061146	7.1697	0.738028	12.728	24.6909352052052	10.0462553187081
29.8321465965966	9.72697855053838	7.29042	0.726722	13.3136	24.6927483983984	9.96399653055039
29.8366621321321	9.77709489822475	7.41997	7.38324	13.1192	24.6945615915916	9.88248197443084
29.8411776676677	9.82669867031898	7.54187	8.2253	12.548	24.6963747847848	9.80170491694924
29.8456932032032	9.87579510929684	7.66376	8.2819	12.9168	24.698187977978	9.72165868562565
29.8502087387387	9.92438940401555	7.78564	8.21858	13.2888	24.7000011711712	9.64233666834891
29.8547242742743	9.97248669026223	7.90753	8.24539	13.0544	24.7018143643644	9.56373231283095
29.8592398098098	10.0200920512965	8.02942	8.2458	13.0712	24.7036275575576	9.48583912606482
29.8637553453453	10.067210518388	8.15141	8.16366	13.1664	24.7054407507508	9.40865067378884
29.8682708808809	10.1138470713481	8.27328	8.31138	12.8736	24.7072539439439	9.33216057995483
29.8727864164164	10.1600066390558	8.39517	8.21719	13.1032	24.7090671371371	9.25636252620193
29.8773019519519	10.2056940999791	8.51701	8.20663	13.496	24.7108803303303	9.18125025133398
29.8818174874875	10.2509142826904	8.63888	8.22735	12.98	24.7126935235235	9.10681755080264
29.886333023023	10.295671966377	8.76079	8.12802	13.2624	24.7145067167167	9.03305827619526
29.8908485585586	10.3399718813459	8.88267	8.15358	13.6088	24.7163199099099	8.95996633472626
29.8953640940941	10.3838187095239	9.00454	8.13395	13.1592	24.7181331031031	8.88753568873435
29.8998796296296	10.4272170849523	9.12647	8.10396	13.5072	24.7199462962963	8.81576035518355
29.9043951651652	10.4701715942769	9.24837	8.12061	13.9792	24.7217594894895	8.74463440516939
29.9089107007007	10.5126867772326	9.37027	7.97664	13.2408	24.7235726826827	8.67415196342855
29.9134262362362	10.5547671271232	9.49219	8.06501	13.0528	24.7253858758759	8.60430720785394
29.9179417717718	10.5964170912962	9.61411	8.19914	13.5728	24.7271990690691	8.53509436901356
29.9224573073073	10.637641071613	9.73601	8.10447	13.2472	24.7290122622623	8.46650772967439
29.9269728428428	10.6784434249138	9.85793	7.98012	13.3544	24.7308254554555	8.39854162432941
29.9314883783784	10.7188284634787	9.97994	8.1291	13.5792	24.7326386486486	8.33119043873002
29.9360039139139	10.7588004554827	10.10184	8.11296	13.28	24.7344518418418	8.26444860942252
29.9405194494494	10.7983636254473	10.2238	8.14288	12.5448	24.736265035035	8.19831062328798
29.945034984985	10.8375221546867	10.34568	7.97871	13.3544	24.7380782282282	8.1327710170872
29.9495505205205	10.8762801817499	10.46756	8.13789	12.9744	24.7398914214214	8.06782437700925
29.9540660560561	10.914641802858	10.58946	8.34754	13.2216	24.7417046146146	8.00346533822468
29.9585815915916	10.952611072337	10.71133	8.09138	13.4976	24.7435178078078	7.93968858444175
29.9630971271271	10.9901920030468	10.83325	8.0864	13.064	24.745331001001	7.87648884746769
29.9676126626627	11.0273885668043	10.95512	8.02439	12.1656	24.7471441941942	7.81386090677331
29.9721281981982	11.0642046948044	11.07707	8.07414	13.5496	24.7489573873874	7.7517995890622
29.9766437337337	11.1006442780346	11.19897	8.10777	13.6048	24.7507705805806	7.69029976784276
29.9811592692693	11.1367111676864	11.32084	8.08409	13.42	24.7525837737738	7.62935636300508
29.9856748048048	11.1724091755628	11.44272	8.0796	13.4264	24.754396966967	7.56896434040153
29.9901903403403	11.2077420744802	11.56461	8.11435	13.2904	24.7562101601602	7.5091187114304
29.9947058758759	11.2427135986682	11.68677	8.10149	13.12	24.7580233533534	7.44981453262418
29.9992214114114	11.2773274441636	11.80913	8.10517	14.1136	24.7598365465465	7.39104690524122
30.0037369469469	11.3115872692013	11.93176	8.20915	14.1216	24.7616497397397	7.3328109748606
30.0082524824825	11.3454966946006	12.05365	2.69385	13.5808	24.7634629329329	7.27510193098206
30.012768018018	11.3790593041482	12.17563	2.00488	13.8824	24.7652761261261	7.21791500662775
30.0172835535536	11.412278644977	12.29754	1.74127	13.8008	24.7670893193193	7.16124547794877
30.0217990890891	11.4451582279408	12.41947	1.54202	13.4184	24.7689025125125	7.10508866383527
30.0263146246246	11.4777015279852	12.54135	1.41675	14.1696	24.7707157057057	7.04943992552924
30.0308301601602	11.5099119845153	12.66331	1.27976	13.9864	24.7725288988989	6.99429466624165
30.0353456956957	11.5417930017587	12.78519	1.22647	13.228	24.7743420920921	6.93964833077263
30.0398612312312	11.5733479491259	12.90708	1.1221	13.9328	24.7761552852853	6.88549640513546
30.0443767667668	11.6045801615656	13.02896	1.04016	13.932	24.7779684784785	6.83183441618323
30.0488923023023	11.635492939918	13.1509	0.99775	13.7152	24.7797816716717	6.77865793123969
30.0534078378378	11.6660895512631	13.27278	0.94042	14.0416	24.7815948648649	6.72596255773289
30.0579233733734	11.696373229266	13.39467	0.91817	13.792	24.7834080580581	6.67374394283271
30.0624389089089	11.726347174519	13.51658	0.87367	13.2616	24.7852212512513	6.62199777309077
30.0669544444444	11.7560145548795	13.64011	0.842257	14.0184	24.7870344444444	6.57071977408439
30.07146997998	11.7853785058052	13.76085	0.84691	14.2856	24.7888476376376	6.51990571006374
30.0759855155155	11.8144421306851	13.88159	0.819736	13.7616	24.7906608308308	6.4695513836015
30.080501051051	11.8432085011676	14.00233	0.789767	13.7488	24.792474024024	6.41965263524639
30.0850165865866	11.8716806574851	14.12311	0.790947	13.8144	24.7942872172172	6.37020534317949
30.0895321221221	11.8998616087756	14.24386	0.739615	13.4288	24.7961004104104	6.32120542287406
30.0940476576577	11.9277543334003	14.3646	0.740179	13.8776	24.7979136036036	6.27264882675765
30.0985631931932	11.9553617792587	14.48557	0.732893	14.2752	24.7997267967968	6.22453154387809
30.1030787287287	11.9826868640999	14.60632	0.723631	13.1616	24.80153998999	6.17684959957202
30.1075942642643	12.0097324758313	14.72713	0.725593	2.0968	24.8033531831832	6.12959905513686
30.1121097997998	12.0365014728234	14.84791	0.65703	1.7568	24.8051663763764	6.08277600750499
30.1166253353353	12.0629966842122	14.96864	0.683649	1.5656	24.8069795695696	6.03637658892162
30.1211408708709	12.0892209101983	15.08939	0.691165	1.4424	24.8087927627628	5.99039696662547
30.1256564064064	12.1151769223423	15.21013	0.670505	1.344	24.810605955956	5.94483334253174
30.1301719419419	12.1408674638582	15.33095	0.676134	1.2568	24.8124191491492	5.89968195291868
30.1346874774775	12.1662952499034	15.45171	0.674441	1.2224	24.8142323423423	5.85493906811656
30.139203013013	12.1914629678652	15.57244	0.644404	1.1136	24.8160455355355	5.81060099219982
30.1437185485485	12.2163732776452	15.69318	0.643844	1.1056	24.8178587287287	5.7666640626814
30.1482340840841	12.2410288119403	15.81391	0.639553	1.0336	24.8196719219219	5.72312465021046
30.1527496196196	12.2654321765208	15.93466	0.636287	1.024	24.8214851151151	5.67997915827247
30.1572651551552	12.289585950506	16.05541	0.627643	0.9912	24.8232983083083	5.63722402289235
30.1617806906907	12.3134926866369	16.17617	0.613014	0.9136	24.8251115015015	5.59485571233972
30.1662962262262	12.3371549115455	16.29707	0.629031	0.8352	24.8269246946947	5.55287072683732
30.1708117617618	12.3605751260223	16.41867	0.637581	0.848	24.8287378878879	5.51126559827217
30.1753272972973	12.3837558052804	16.53943	0.635443	0.8448	24.8305510810811	5.47003688990868
30.1798428328328	12.4066993992172	16.66025	0.616608	0.8312	24.8323642742743	5.42918119610487
30.1843583683684	12.429408332673	16.78099	0.613213	0.7688	24.8341774674675	5.38869514203127
30.1888739039039	12.4518850056879	16.90174	0.605819	0.7592	24.8359906606607	5.34857538339191
30.1933894394394	12.4741317937549	17.02247	0.595422	0.7552	24.8378038538539	5.30881860614833
30.197904974975	12.496151048071	17.14323	0.598096	0.7536	24.839617047047	5.26942152624547
30.2024205105105	12.5179450957861	17.26399	0.58735	0.7352	24.8414302402402	5.23038088934067
30.206936046046	12.5395162402485	17.38546	0.614709	0.74	24.8432434334334	5.19169347053466
30.2114515815816	12.5608667612486	17.50621	0.621231	0.6976	24.8450566266266	5.1533560741055
30.2159671171171	12.5819989152596	17.63384	7.96603	0.7472	24.8468698198198	5.11536553324416
30.2204826526527	12.6029149356765	17.75571	8.11318	0.7408	24.848683013013	5.07771870979318
30.2249981881882	12.6236170330513	17.8776	8.06043	0.7176	24.8504962062062	5.04041249398757
30.2295137237237	12.6441073953275	17.99948	8.11721	0.6792	24.8523093993994	5.0034438041976
30.2340292592593	12.6643881880708	18.12137	8.11616	0.7064	24.8541225925926	4.96680958667449
30.2385447947948	12.6844615546981	18.24333	7.94121	0.7048	24.8559357857858	4.93050681529802
30.2430603303303	12.704329616704	18.36522	7.91374	0.7256	24.857748978979	4.89453249132682
30.2475758658659	12.7239944738852	18.48711	7.90083	0.6848	24.8595621721722	4.85888364315028
30.2520914014014	12.7434582045622	18.60898	7.92103	0.708	24.8613753653654	4.82355732604336
30.2566069369369	12.7627228657991	18.73094	7.80732	0.72	24.8631885585586	4.78855062192321
30.2611224724725	12.7817904936207	18.85283	7.73899	0.712	24.8650017517518	4.75386063910832
30.265638008008	12.8006631032283	18.97473	7.76294	0.7192	24.8668149449449	4.71948451207937
30.2701535435435	12.8193426892121	19.09665	7.63834	0.7208	24.8686281381381	4.68541940124267
30.2746690790791	12.8378312257621	19.21855	7.7615	0.6976	24.8704413313313	4.65166249269578
30.2791846146146	12.856130666877	19.34044	7.68573	0.7368	24.8722545245245	4.61821099799471
30.2837001501502	12.8742429465706	19.46234	7.64258	0.7016	24.8740677177177	4.58506215392383
30.2882156856857	12.8921699790761	19.58423	7.77552	0.7344	24.8758809109109	4.55221322226752
30.2927312212212	12.9099136590484	19.70613	7.68783	9.7896	24.8776941041041	4.51966148958415
30.2972467567568	12.9274758617645	19.828	7.70719	11.2208	24.8795072972973	4.48740426698168
30.3017622922923	12.9448584433216	19.94987	7.77624	11.6176	24.8813204904905	4.45543888989571
30.3062778278278	12.9620632408332	20.07174	7.59918	12.316	24.8831336836837	4.42376271786932
30.3107933633634	12.9790920726235	20.19366	7.63804	12.4056	24.8849468768769	4.39237313433511
30.3153088988989	12.9959467384193	20.31555	7.73446	12.3576	24.8867600700701	4.3612675463988
30.3198244344344	13.0126290195402	20.43743	7.63974	13.1416	24.8885732632633	4.33044338462517
30.32433996997	13.0291406790871	20.55931	7.62969	13.1728	24.8903864564565	4.29989810282599
30.3288555055055	13.0454834621285	20.68119	7.79356	13.4552	24.8921996496497	4.26962917784939
30.333371041041	13.0616590958846	20.80308	7.81445	13.4728	24.8940128428428	4.23963410937162
30.3378865765766	13.0776692899104	20.92498	7.7396	13.5848	24.895826036036	4.20991041969043
30.3424021121121	13.0935157362756	21.04687	7.78944	13.716	24.8976392292292	4.1804556535206
30.3469176476476	13.1092001097445	21.16875	7.86296	13.8984	24.8994524224224	4.15126737779088
30.3514331831832	13.1247240679518	21.29063	7.77822	14.0752	24.9012656156156	4.122343181443
30.3559487187187	13.1400892515789	21.4125	7.7937	14.3632	24.9030788088088	4.09368067523276
30.3604642542543	13.1552972845264	21.53443	7.8513	13.8512	24.904892002002	4.06527749153243
30.3649797897898	13.1703497740863	21.6563	7.71291	13.676	24.9067051951952	4.03713128413538
30.3694953253253	13.1852483111116	21.77818	7.82883	14.24	24.9085183883884	4.00923972806207
30.3740108608609	13.1999944701847	21.90013	7.83667	14.5208	24.9103315815816	3.98160051936804
30.3785263963964	13.2145898097833	22.02288	7.72874	14.3624	24.9121447747748	3.95421137495383
30.3830419319319	13.2290358724457	22.14616	7.76535	14.4392	24.913957967968	3.92707003237601
30.3875574674675	13.2433341849334	22.26901	7.82592	14.028	24.9157711611612	3.90017424966059
30.392073003003	13.2574862583928	22.39098	3.07122	14.4336	24.9175843543544	3.87352180511763
30.3965885385385	13.2714935885146	22.51288	2.00236	14.764	24.9193975475475	3.84711049715798
30.4011040740741	13.285357655692	22.63485	1.6798	14.8568	24.9212107407407	3.82093814411109
30.4056196096096	13.2990799251772	22.75679	1.48462	14.7128	24.9230239339339	3.79500258404503
30.4101351451451	13.3126618472362	22.87866	1.41335	14.2648	24.9248371271271	3.76930167458778
30.4146506806807	13.3261048573022	23.00079	1.28591	14.3584	24.9266503203203	3.74383329275043
30.4191662162162	13.339410376127	23.12268	1.20652	14.9976	24.9284635135135	3.71859533475159
30.4236817517518	13.3525798099316	23.24459	1.13314	14.8112	24.9302767067067	3.69358571584374
30.4281972872873	13.3656145505544	23.3665	1.09525	14.632	24.9320898998999	3.66880237014108
30.4327128228228	13.3785159755985	23.48842	1.05598	14.4864	24.9339030930931	3.64424325044871
30.4372283583584	13.3912854485773	23.61037	1.00149	14.4888	24.9357162862863	3.61990632809367
30.4417438938939	13.4039243190586	23.73232	0.97191	14.8256	24.9375294794795	3.59578959275724
30.4462594294294	13.4164339228073	23.85425	0.93757	15.0544	24.9393426726727	3.57189105230909
30.450774964965	13.4288155819261	23.97616	0.9054	14.7616	24.9411558658659	3.54820873264246
30.4552905005005	13.4410706049961	24.09814	0.89297	14.6016	24.9429690590591	3.52474067751126
30.459806036036	13.4532002872144	24.22288	0.826875	14.792	24.9447822522523	3.50148494836839
30.4643215715716	13.465205910531	24.34427	0.786836	14.872	24.9465954454454	3.47843962420578
30.4688371071071	13.4770887437849	24.46502	0.776687	14.4776	24.9484086386386	3.45560280139544
30.4733526426426	13.4888500428373	24.58577	0.743407	14.8768	24.9502218318318	3.43297259353238
30.4778681781782	13.5004910507053	24.70656	0.709275	14.396	24.952035025025	3.41054713127885
30.4823837137137	13.5120129976924	24.82731	0.751526	2.2624	24.9538482182182	3.38832456220974
30.4868992492492	13.5234171015191	24.94805	0.743574	1.9696	24.9556614114114	3.36630305065969
30.4914147847848	13.5347045674514	25.06879	0.720109	1.7424	24.9574746046046	3.34448077757138
30.4959303203203	13.545876588428	25.18967	0.72204	1.5976	24.9592877977978	3.32285594034543
30.5004458558559	13.5569343451869	25.31041	0.696773	1.4672	24.961100990991	3.30142675269128
30.5049613913914	13.5678790063895	25.43115	0.681302	1.36	24.9629141841842	3.28019144447977
30.5094769269269	13.5787117287447	25.55189	0.66894	1.3752	24.9647273773774	3.25914826159685
30.5139924624625	13.5894336571308	25.67262	0.642818	1.312	24.9665405705706	3.23829546579884
30.518507997998	13.6000459247167	25.79339	0.629751	1.2456	24.9683537637638	3.21763133456862
30.5230235335335	13.6105496530815	25.91412	0.631638	1.1856	24.970166956957	3.19715416097351
30.5275390690691	13.6209459523331	26.03486	0.619128	1.1264	24.9719801501501	3.17686225352409
30.5320546046046	13.6312359212258	26.15564	0.617972	1.104	24.9737933433433	3.15675393603481
30.5365701401401	13.6414206472756	26.27638	0.615145	1.0928	24.9756065365365	3.13682754748516
30.5410856756757	13.6515012068762	26.39715	0.601634	1.072	24.9774197297297	3.11708144188269
30.5456012112112	13.6614786654122	26.5179	0.572843	1.0576	24.9792329229229	3.09751398812692
30.5501167467467	13.6713540773714	26.63868	0.555695	1.1032	24.9810461161161	3.07812356987478
30.5546322822823	13.681128486457	26.75949	0.563422	1.1288	24.9828593093093	3.05890858540688
30.5591478178178	13.6908029256973	26.88023	0.574462	1.0736	24.9846725025025	3.03986744749532
30.5636633533534	13.7003784175552	27.00099	0.554121	1.0376	24.9864856956957	3.02099858327254
30.5681788888889	13.709855974036	27.12173	0.553203	1.044	24.9882988888889	3.00230043410152
30.5726944244244	13.7192365967945	27.24254	0.546633	1.0328	24.9901120820821	2.98377145544681
30.57720995996	13.7285212772411	27.36328	0.539284	1.0536	24.9919252752753	2.96541011674709
30.5817254954955	13.7377109966461	27.49042	6.37627	1.008	24.9937384684685	2.94721490128877
30.586241031031	13.7468067262436	27.61231	8.07646	1.0344	24.9955516616617	2.92918430608058
30.5907565665666	13.7558094273346	27.7342	8.08921	1.0096	24.9973648548549	2.91131684172951
30.5952721021021	13.7647200513877	27.85611	8.09266	0.9792	24.999178048048	2.89361103231773
30.5997876376376	13.7735395401404	27.978	8.18635	1.0088	25.0009912412412	2.87606541528077
30.6043031731732	13.7822688256983	28.09986	8.1198	0.988	25.0028044344344	2.85867854128655
30.6088187087087	13.7909088306339	28.22245	8.0789	0.9848	25.0046176276276	2.8414489741158
30.6133342442442	13.7994604680836	28.3456	8.06874	0.9408	25.0064308208208	2.82437529054332
30.6178497797798	13.8079246418447	28.46847	7.92875	0.956	25.008244014014	2.80745608022053
30.6223653153153	13.8163022464706	28.59034	7.9124	0.9496	25.0100572072072	2.79068994555886
30.6268808508508	13.8245941673655	28.71226	7.95974	0.9296	25.0118704004004	2.77407550161432
30.6313963863864	13.8328012808781	28.83419	7.75217	0.9208	25.0136835935936	2.75761137597322
30.6359119219219	13.8409244543937	28.95609	7.83068	0.9176	25.0154967867868	2.74129620863863
30.6404274574575	13.8489645464267	29.07804	7.70338	0.9232	25.01730997998	2.72512865191815
30.644942992993	13.8569224067104	29.20001	7.79105	0.9384	25.0191231731732	2.70910737031251
30.6494585285285	13.8647988762876	29.32192	7.69407	0.8576	25.0209363663664	2.69323104040541
30.6539740640641	13.872594787599	29.44386	7.65734	0.8888	25.0227495595596	2.67749835075398
30.6584895995996	13.8803109645714	29.56573	7.69844	0.8904	25.0245627527528	2.6619080017806
30.6630051351351	13.8879482227046	29.68764	7.72386	11.1	25.0263759459459	2.64645870566549
30.6675206706707	13.8955073691579	29.80954	7.77274	11.9608	25.0281891391391	2.63114918624042
30.6720362062062	13.9029892028351	29.93153	7.74456	12.1032	25.0300023323323	2.61597817888315
30.6765517417417	13.910394514469	30.05405	7.7376	12.5992	25.0318155255255	2.60094443041304
30.6810672772773	13.917724086705	30.17597	7.65606	12.8504	25.0336287187187	2.58604669898761
30.6855828128128	13.924978694184	30.29785	7.66714	13.0064	25.0354419119119	2.57128375399981
30.6900983483483	13.932159103624	30.41971	7.64731	12.9016	25.0372551051051	2.55665437597648
30.6946138838839	13.939266073901	30.54165	7.66074	13.2072	25.0390682982983	2.54215735647759
30.6991294194194	13.9463003561298	30.66367	7.62825	13.4296	25.0408814914915	2.52779149799632
30.703644954955	13.9532626937428	30.78557	7.72066	13.5608	25.0426946846847	2.51355561386035
30.7081604904905	13.9601538225689	30.90745	7.75971	13.7872	25.0445078778779	2.49944852813366
30.712676026026	13.966974470911	31.02934	7.75814	14.3128	25.0463210710711	2.48546907551941
30.7171915615616	13.9737253596233	31.15128	7.66395	13.7024	25.0481342642643	2.4716161012638
30.7217070970971	13.9804072021873	31.27315	7.7775	13.5656	25.0499474574575	2.45788846106057
30.7262226326326	13.987020704787	31.39503	7.7477	13.7376	25.0517606506507	2.44428502095648
30.7307381681682	13.9935665663839	31.51691	7.78004	14.1256	25.0535738438438	2.43080465725769
30.7352537037037	14.0000454787908	31.6388	7.82624	14.4232	25.055387037037	2.41744625643696
30.7397692392392	14.0064581267448	31.76077	7.80294	14.3944	25.0572002302302	2.40420871504159
30.7442847747748	14.0128051879796	31.88272	7.78694	13.8112	25.0590134234234	2.39109093960231
30.7488003103103	14.0190873332973	32.00462	7.79959	14.1224	25.0608266166166	2.37809184654295
30.7533158458458	14.0253052266393	32.12651	7.8214	14.344	25.0626398098098	2.36521036209097
30.7578313813814	14.0314595251562	32.24838	7.83849	14.4568	25.064453003003	2.35244542218871
30.7623469169169	14.0375508792778	32.37026	7.87034	14.6152	25.0662661961962	2.3397959724055
30.7668624524525	14.043579932781	32.49215	7.71351	14.5088	25.0680793893894	2.32726096785061
30.771377987988	14.0495473228588	32.61402	7.80168	14.0024	25.0698925825826	2.31483937308689
30.7758935235235	14.055453680187	32.7359	7.85006	14.712	25.0717057757758	2.30253016204524
30.7804090590591	14.0612996289909	32.85778	2.4082	15.172	25.073518968969	2.29033231793984
30.7849245945946	14.0670857871115	32.97967	1.83845	14.7064	25.0753321621622	2.27824483318428
30.7894401301301	14.0728127660708	33.10163	1.56033	13.9376	25.0771453553554	2.26626670930815
30.7939556656657	14.0784811711362	33.22354	1.41796	14.5136	25.0789585485485	2.25439695687468
30.7984712012012	14.0840916013847	33.34541	1.32015	15.1272	25.0807717417417	2.24263459539894
30.8029867367367	14.0896446497661	33.46728	1.20269	14.8776	25.0825849349349	2.23097865326695
30.8075022722723	14.0951409031654	33.58916	1.12203	15.1832	25.0843981281281	2.21942816765532
30.8120178078078	14.1005809424656	33.71109	1.07987	15.0472	25.0862113213213	2.20798218445173
30.8165333433433	14.1059653426081	33.83298	1.02099	14.828	25.0880245145145	2.1966397581762
30.8210488788789	14.1112946726545	33.95487	0.98024	15.5184	25.0898377077077	2.18539995190289
30.8255644144144	14.1165694958457	34.07675	0.94442	15.5504	25.0916509009009	2.17426183718274
30.8300799499499	14.1217903696621	34.19863	0.9069	15.3808	25.0934640940941	2.16322449396678
30.8345954854855	14.1269578458825	34.32207	0.866344	15.408	25.0952772872873	2.1522870105302
30.839111021021	14.1320724706422	34.44279	0.828683	15.2976	25.0970904804805	2.1414484833969
30.8436265565566	14.1371347844907	34.56371	0.824513	15.344	25.0989036736737	2.13070801726496
30.8481420920921	14.1421453224488	34.68561	0.782394	16.0672	25.1007168668669	2.12006472493263
30.8526576276276	14.1471046140657	34.80636	0.75177	16.0624	25.1025300600601	2.10951772722513
30.8571731631632	14.152013183474	34.92712	0.750842	3.0408	25.1043432532533	2.09906615292192
30.8616886986987	14.156871549446	35.04787	0.740167	2.4432	25.1061564464464	2.08870913868477
30.8662042342342	14.1616802254479	35.16866	0.72839	2.1408	25.1079696396396	2.07844582898651
30.8707197697698	14.1664397196945	35.28939	0.728471	1.9864	25.1097828328328	2.06827537604028
30.8752353053053	14.1711505352027	35.41014	0.710755	1.7048	25.111596026026	2.05819693972952
30.8797508408408	14.1758131698445	35.53111	0.700351	1.5848	25.1134092192192	2.04820968753855
30.8842663763764	14.1804281164001	35.65309	0.679146	1.4824	25.1152224124124	2.03831279448389
30.8887819119119	14.1849958626094	35.7739	0.672002	1.4056	25.1170356056056	2.02850544304604
30.8932974474474	14.189516891224	35.89463	0.631269	1.3856	25.1188487987988	2.01878682310195
30.897812982983	14.1939916800581	36.01538	0.621226	1.364	25.120661991992	2.00915613185811
30.9023285185185	14.1984207020388	36.13613	0.614453	1.2696	25.1224751851852	1.99961257378425
30.9068440540541	14.2028044252563	36.25693	0.584624	1.2448	25.1242883783784	1.99015536054764
30.9113595895896	14.2071433130134	36.37765	0.590072	1.2232	25.1261015715716	1.98078371094792
30.9158751251251	14.2114378238743	36.4984	0.575592	1.248	25.1279147647648	1.97149685085259
30.9203906606607	14.2156884117131	36.61922	0.577286	1.224	25.129727957958	1.96229401313312
30.9249061961962	14.2198955257617	36.73998	0.559084	1.2128	25.1315411511512	1.95317443760149
30.9294217317317	14.2240596106578	36.86072	0.563148	1.1936	25.1333543443443	1.94413737094745
30.9339372672673	14.228181106491	36.98145	0.559107	1.1464	25.1351675375375	1.9351820666763
30.9384528028028	14.23226044885	37.11089	6.37967	1.1432	25.1369807307307	1.9263077850472
30.9429683383383	14.2362980688685	37.23279	7.91313	1.0776	25.1387939239239	1.91751379301209
30.9474838738739	14.2402943932705	37.35469	7.96648	1.1048	25.1406071171171	1.9087993641551
30.9519994094094	14.2442498444158	37.47659	7.81762	1.0592	25.1424203103103	1.90016377863257
30.9565149449449	14.2481648403442	37.59847	7.98472	1.0848	25.1442335035035	1.89160632311363
30.9610304804805	14.2520397948202	37.72035	7.9537	1.0184	25.1460466966967	1.88312629072117
30.965546016016	14.255875117376	37.84222	7.85329	1.0032	25.1478598898899	1.87472298097356
30.9700615515515	14.2596712133557	37.96411	7.88132	0.9936	25.1496730830831	1.86639569972673
30.9745770870871	14.2634284839574	38.08598	7.76099	0.9816	25.1514862762763	1.85814375911684
30.9790926226226	14.2671473262758	38.20787	7.81916	0.9936	25.1532994694695	1.84996647750345
30.9836081581582	14.2708281333444	38.32975	7.88652	1.0184	25.1551126626627	1.84186317941323
30.9881236936937	14.2744712941768	38.4521	7.84566	1.0112	25.1569258558559	1.83383319548418
30.9926392292292	14.2780771938079	38.57484	7.7714	1.0008	25.1587390490491	1.8258758624103
30.9971547647648	14.2816462133346	38.69835	7.78061	1.0032	25.1605522422422	1.81799052288681
31.0016703003003	14.2851787299558	38.82124	7.82601	0.992	25.1623654354354	1.81017652555586
31.0061858358358	14.2886751170129	38.94323	7.78	0.9576	25.1641786286286	1.80243322495275
31.0107013713714	14.2921357440286	39.06514	7.67861	0.9744	25.1659918218218	1.79475998145258
31.0152169069069	14.2955609767464	39.18714	7.81989	0.9248	25.167805015015	1.78715616121738
31.0197324424424	14.298951177169	39.30901	7.61526	0.8752	25.1696182082082	1.77962113614386
31.024247977978	14.3023067035965	39.43091	7.64435	0.9504	25.1714314014014	1.77215428381142
31.0287635135135	14.3056279106647	39.55282	7.60888	0.9352	25.1732445945946	1.76475498743079
31.033279049049	14.3089151493821	39.6748	7.51952	0.9536	25.1750577877878	1.75742263579306
31.0377945845846	14.3121687671672	39.79675	7.60622	11.1704	25.176870980981	1.75015662321922
31.0423101201201	14.3153891078853	39.91865	7.49294	11.8544	25.1786841741742	1.74295634951011
31.0468256556557	14.3185765118845	40.04054	7.64419	12.4352	25.1804973673674	1.73582121989678
31.0513411911912	14.3217313160323	40.16246	7.57207	12.54	25.1823105605606	1.7287506449915
31.0558567267267	14.3248538537504	40.28481	7.44697	13.1992	25.1841237537538	1.72174404073894
31.0603722622623	14.3279444550508	40.40687	7.62576	13.0336	25.1859369469469	1.71480082836802
31.0648877977978	14.3310034465698	40.52898	7.68751	13.5424	25.1877501401401	1.70792043434404
31.0694033333333	14.3340311516032	40.65086	7.69031	13.7032	25.1895633333333	1.70110229032131
31.0739188688689	14.3370278901402	40.77282	7.79718	13.944	25.1913765265265	1.69434583309626
31.0784344044044	14.3399939788972	40.89475	7.76804	14.3432	25.1931897197197	1.68765050456083
31.0829499399399	14.3429297313514	41.01665	7.90693	14.048	25.1950029129129	1.68101575165644
31.0874654754755	14.3458354577738	41.13855	7.79542	14.2792	25.1968161061061	1.67444102632825
31.091981011011	14.3487114652618	41.2604	7.67399	14.3856	25.1986292992993	1.66792578547996
31.0964965465465	14.3515580577724	41.38227	7.71865	14.8232	25.2004424924925	1.66146949092888
31.1010120820821	14.3543755361533	41.50418	7.65227	14.9536	25.2022556856857	1.6550716093615
31.1055276176176	14.3571641981756	41.62609	7.7224	14.492	25.2040688788789	1.64873161228942
31.1100431531532	14.3599243385647	41.74799	7.52958	14.128	25.2058820720721	1.64244897600575
31.1145586886887	14.3626562490316	41.86995	7.60827	14.8568	25.2076952652653	1.63622318154179
31.1190742242242	14.3653602183039	41.99189	2.41078	15.3232	25.2095084584585	1.63005371462415
31.1235897597598	14.368036532156	42.1138	1.76189	14.62	25.2113216516517	1.62394006563237
31.1281052952953	14.3706854734397	42.23574	1.53821	14.8968	25.2131348448448	1.6178817295567
31.1326208308308	14.3733073221137	42.35762	1.39011	15.0232	25.214948038038	1.61187820595645
31.1371363663664	14.3759023552734	42.4795	1.24806	14.8784	25.2167612312312	1.60592899891865
31.1416519019019	14.3784708471802	42.60137	1.1748	15.104	25.2185744244244	1.60003361701708
31.1461674374374	14.3810130692904	42.72325	1.12396	15.3592	25.2203876176176	1.59419157327165
31.150682972973	14.383529290284	42.84514	1.05435	15.1952	25.2222008108108	1.58840238510823
31.1551985085085	14.3860197760928	42.96703	0.9941	14.9264	25.224014004004	1.58266557431871
31.159714044044	14.388484789929	43.08896	0.97008	15.4456	25.2258271971972	1.57698066702159
31.1642295795796	14.3909245923125	43.21088	0.93372	14.8824	25.2276403903904	1.57134719362276
31.1687451151151	14.3933394410988	43.33277	0.87602	15.436	25.2294535835836	1.56576468877674
31.1732606506506	14.3957295915062	43.45625	0.841952	15.7336	25.2312667767768	1.56023269134825
31.1777761861862	14.3980952961426	43.57697	0.815415	15.5864	25.23307996997	1.55475074437409
31.1822917217217	14.4004368050322	43.69772	0.784875	15.4864	25.2348931631632	1.54931839502543
31.1868072572573	14.4027543656423	43.81846	0.770394	15.7656	25.2367063563564	1.54393519457036
31.1913227927928	14.4050482229089	43.9392	0.758735	15.6688	25.2385195495496	1.53860069833688
31.1958383283283	14.4073186192631	44.05995	0.72355	15.456	25.2403327427427	1.53331446567611
31.2003538638639	14.4095657946562	44.18069	0.73709	15.7024	25.2421459359359	1.52807605992594
31.2048693993994	14.4117899865857	44.30144	0.741077	15.7336	25.2439591291291	1.52288504837489
31.2093849349349	14.4139914301196	44.42218	0.708133	15.5776	25.2457723223223	1.51774100222649
31.2139004704705	14.4161703579223	44.54317	0.716563	15.6712	25.2475855155155	1.51264349656372
31.218416006006	14.4183270002779	44.66392	0.694356	15.5712	25.2493987087087	1.50759211031401
31.2229315415415	14.4204615851157	44.78468	0.685167	3.2168	25.2512119019019	1.50258642621438
31.2274470770771	14.4225743380336	44.90541	0.679017	2.3904	25.2530250950951	1.49762603077707
31.2319626126126	14.4246654823223	45.02616	0.678832	2.1928	25.2548382882883	1.49271051425529
31.2364781481481	14.4267352389885	45.14695	0.674129	1.9392	25.2566514814815	1.48783947060943
31.2409936836837	14.4287838267787	45.26776	0.661189	1.8552	25.2584646746747	1.48301249747348
31.2455092192192	14.4308114622022	45.38874	0.665273	1.6832	25.2602778678679	1.47822919612185
31.2500247547548	14.4328183595536	45.51022	0.640015	1.5632	25.2620910610611	1.47348917143637
31.2545402902903	14.434804730936	45.63096	0.624045	1.4328	25.2639042542543	1.4687920318737
31.2590558258258	14.4367707862832	45.75171	0.606953	1.5208	25.2657174474474	1.46413738943294
31.2635713613614	14.4387167333816	45.87248	0.585188	1.48	25.2675306406406	1.45952485962365
31.2680868968969	14.4406427778927	45.99322	0.577708	1.4072	25.2693438338338	1.454954061434
31.2726024324324	14.4425491233745	46.11394	0.576347	1.408	25.271157027027	1.45042461729937
31.277117967968	14.4444359713028	46.23474	0.552667	1.3792	25.2729702202202	1.44593615307115
31.2816335035035	14.4463035210932	46.3555	0.557889	1.2592	25.2747834134134	1.4414882979858
31.286149039039	14.4481519701213	46.47625	0.55007	1.2352	25.2765966066066	1.43708068463423
31.2906645745746	14.4499815137443	46.59699	0.564896	1.2672	25.2784097997998	1.43271294893148
31.2951801101101	14.4517923453213	46.71772	0.556298	1.2088	25.280222992993	1.42838473008665
31.2996956456456	14.4535846562337	46.83846	0.55824	1.2248	25.2820361861862	1.42409567057305
31.3042111811812	14.4553586359055	46.966	7.61557	1.1432	25.2838493793794	1.41984541609869
31.3087267167167	14.4571144718233	47.08795	7.90184	1.212	25.2856625725726	1.41563361557703
31.3132422522523	14.4588523495563	47.20989	7.92908	1.1864	25.2874757657658	1.41145992109798
31.3177577877878	14.4605724527756	47.33178	7.95751	1.1464	25.289288958959	1.40732398789912
31.3222733233233	14.4622749632738	47.45366	7.91462	1.0856	25.2911021521522	1.40322547433727
31.3267888588589	14.4639600609843	47.57558	7.89337	1.088	25.2929153453453	1.39916404186023
31.3313043943944	14.4656279239999	47.69752	7.79039	1.0976	25.2947285385385	1.39513935497887
31.3358199299299	14.4672787285923	47.8194	7.85821	1.0936	25.2965417317317	1.39115108123933
31.3403354654655	14.46891264923	47.94129	7.72436	1.084	25.2983549249249	1.38719889119565
31.344851001001	14.4705298585972	48.06315	7.74989	1.0888	25.3001681181181	1.38328245838249
31.3493665365365	14.4721305276122	48.18506	7.71091	1.0912	25.3019813113113	1.3794014592882
31.3538820720721	14.4737148254447	48.30702	7.59118	1.0944	25.3037945045045	1.37555557332808
31.3583976076076	14.4752829195347	48.42889	7.57755	1.0616	25.3056076976977	1.3717444828179
31.3629131431431	14.4768349756092	48.55079	7.60352	1.0344	25.3074208908909	1.36796787294768
31.3674286786787	14.4783711577005	48.67267	7.48683	1.0248	25.3092340840841	1.36422543175565
31.3719442142142	14.4798916281631	48.79478	7.58652	0.9936	25.3110472772773	1.36051685010248
31.3764597497497	14.4813965476911	48.91668	7.54113	1.0104	25.3128604704705	1.3568418216458
31.3809752852853	14.482886075335	49.03864	7.52101	0.9688	25.3146736636637	1.35320004281484
31.3854908208208	14.4843603685184	49.16053	7.50961	0.988	25.3164868568569	1.34959121278536
31.3900063563564	14.4858195830551	49.2824	7.52892	0.9728	25.31830005005	1.34601503345484
31.3945218918919	14.4872638731652	49.40429	7.51237	0.9832	25.3201132432432	1.34247120941776
31.3990374274274	14.4886933914914	49.52619	7.6601	1.008	25.3219264364364	1.33895944794136
31.403552962963	14.4901082891152	49.64809	7.55836	0.9656	25.3237396296296	1.3354794589413
31.4080684984985	14.4915087155729	49.76997	7.45898	0.992	25.3255528228228	1.33203095495777
31.412584034034	14.4928948188716	49.89189	7.46883	11.2904	25.327366016016	1.32861365113177
31.4170995695696	14.4942667455044	50.01381	7.5588	12.9648	25.3291792092092	1.3252272651815
31.4216151051051	14.4956246404661	50.13573	7.51214	13.4648	25.3309924024024	1.32187151737913
31.4261306406406	14.4969686472686	50.25769	7.5723	13.2864	25.3328055955956	1.31854613052763
31.4306461761762	14.4982989079561	50.37956	7.51755	13.2544	25.3346187887888	1.3152508299379
31.4351617117117	14.4996155631197	50.502	7.56164	14.2696	25.336431981982	1.31198534340608
31.4396772472472	14.500918751913	50.62423	7.51124	15.1296	25.3382451751752	1.30874940119105
31.4441927827828	14.5022086120661	50.74618	7.57834	14.9488	25.3400583683684	1.30554273599218
31.4487083183183	14.5034852799004	50.86808	7.62997	14.4312	25.3418715615616	1.3023650829272
31.4532238538539	14.5047488903433	50.98996	7.52041	14.1712	25.3436847547548	1.29921617951037
31.4577393893894	14.505999576942	51.11189	7.57658	14.952	25.3454979479479	1.29609576563076
31.4622549249249	14.5072374718777	51.23382	7.62324	15.4208	25.3473111411411	1.2930035835308
31.4667704604605	14.5084627059801	51.3557	7.62436	15.2488	25.3491243343343	1.28993937778494
31.471285995996	14.5096754087404	51.47759	7.61536	15.0184	25.3509375275275	1.28690289527861
31.4758015315315	14.5108757083256	51.59947	7.49742	15.0784	25.3527507207207	1.28389388518726
31.4803170670671	14.5120637315918	51.7214	7.6779	15.1296	25.3545639139139	1.28091209895567
31.4848326026026	14.5132396040977	51.84332	7.75667	15.3992	25.3563771071071	1.2779572902774
31.4893481381381	14.5144034501177	51.96521	2.94416	15.6448	25.3581903003003	1.27502921507447
31.4938636736737	14.5155553926553	52.08709	1.97731	15.4992	25.3600034934935	1.27212763147717
31.4983792092092	14.516695553456	52.20903	1.5796	15.2624	25.3618166866867	1.2692522998041
31.5028947447447	14.5178240530198	52.33091	1.41384	15.0584	25.3636298798799	1.26640298254236
31.5074102802803	14.5189410106146	52.45279	1.29992	15.576	25.3654430730731	1.26357944432795
31.5119258158158	14.5200465442884	52.57471	1.21648	16.1296	25.3672562662663	1.26078145192629
31.5164413513514	14.5211407708816	52.69666	1.14211	16.3744	25.3690694594595	1.25800877421299
31.5209568868869	14.52222380604	52.81855	1.10689	15.8272	25.3708826526527	1.25526118215475
31.5254724224224	14.5232957642261	52.94043	1.06271	15.468	25.3726958458458	1.25253844879043
31.529987957958	14.5243567587322	53.06232	1.03292	15.5312	25.374509039039	1.24984034921231
31.5345034934935	14.5254069016917	53.18429	0.93796	16.4656	25.3763222322322	1.24716666054752
31.539019029029	14.5264463040909	53.30625	0.88826	16.4112	25.3781354254254	1.2445171619396
31.5435345645646	14.5274750757812	53.42968	0.854367	16.1008	25.3799486186186	1.24189163453029
31.5480501001001	14.5284933254906	53.55041	0.821162	16.008	25.3817618118118	1.23928986144144
31.5525656356356	14.5295011608348	53.67115	0.799076	16.0456	25.383575005005	1.2367116277571
31.5570811711712	14.5304986883289	53.79191	0.76466	16.2448	25.3853881981982	1.23415672050573
31.5615967067067	14.5314860133986	53.91268	0.743683	16.0864	25.3872013913914	1.23162492864268
31.5661122422422	14.5324632403914	54.03341	0.714674	15.9464	25.3890145845846	1.2291160430327
31.5706277777778	14.5334304725876	54.15416	0.689014	15.948	25.3908277777778	1.22662985643266
31.5751433133133	14.5343878122111	54.27491	0.677337	15.8704	25.392640970971	1.22416616347448
31.5796588488488	14.5353353604401	54.39567	0.664814	15.8816	25.3944541641642	1.22172476064811
31.5841743843844	14.5362732174184	54.51642	0.655573	16.0056	25.3962673573574	1.21930544628477
31.5886899199199	14.5372014822652	54.63716	0.653568	16.1064	25.3980805505505	1.21690802054025
31.5932054554555	14.5381202530861	54.7579	0.633608	16.1288	25.3998937437437	1.21453228537845
31.597720990991	14.5390296269832	54.87863	0.627144	16.4776	25.4017069369369	1.21217804455494
31.6022365265265	14.5399297000657	54.99939	0.62919	9.0368	25.4035201301301	1.20984510360085
31.6067520620621	14.5408205674594	55.12013	0.619337	2.584	25.4053333233233	1.20753326980674
31.6112675975976	14.5417023233177	55.24087	0.604916	2.3488	25.4071465165165	1.20524235220668
31.6157831331331	14.5425750608306	55.36178	0.593913	2.0624	25.4089597097097	1.20297216156251
31.6202986686687	14.5434388722352	55.48314	0.58695	1.8776	25.4107729029029	1.20072251034821
31.6248142042042	14.5442938488252	55.60389	0.571708	1.8224	25.4125860960961	1.19849321273437
31.6293297397397	14.5451400809605	55.72468	0.559894	1.6872	25.4143992892893	1.19628408457285
31.6338452752753	14.5459776580768	55.84543	0.57667	1.5856	25.4162124824825	1.1940949433816
31.6383608108108	14.5468066686952	55.96618	0.554519	1.5632	25.4180256756757	1.19192560832958
31.6428763463463	14.5476272004315	56.08695	0.552869	1.488	25.4198388688689	1.18977590022178
31.6473918818819	14.5484393400051	56.2077	0.549272	1.4088	25.4216520620621	1.18764564148445
31.6519074174174	14.5492431732487	56.32847	0.548323	1.3888	25.4234652552553	1.18553465615046
31.656422952953	14.5500387851171	56.4492	0.532697	1.3624	25.4252784484484	1.1834427698447
31.6609384884885	14.550826259696	56.56994	0.528827	1.316	25.4270916416416	1.18136980976971
31.665454024024	14.5516056802114	56.69068	0.522991	1.3464	25.4289048348348	1.17931560469144
31.6699695595596	14.5523771290379	56.81146	0.504614	1.2696	25.430718028028	1.17727998492504
31.6744850950951	14.5531406877077	56.93228	0.51737	1.2456	25.4325312212212	1.17526278232088
31.6790006306306	14.553896436919	57.05301	0.505091	1.2088	25.4343444144144	1.17326383025066
31.6835161661662	14.5546444565447	57.1907	6.29961	1.168	25.4361576076076	1.17128296359364
31.6880317017017	14.5553848256407	57.31258	7.81281	1.228	25.4379708008008	1.16932001872299
31.6925472372372	14.5561176224545	57.43447	7.90452	1.1848	25.439783993994	1.16737483349231
31.6970627727728	14.5568429244333	57.55635	7.88007	1.168	25.4415971871872	1.16544724722219
31.7015783083083	14.557560808232	57.6782	7.91149	1.1552	25.4434103803804	1.16353710068697
31.7060938438438	14.5582713497216	57.80008	7.76478	1.1032	25.4452235735736	1.16164423610155
31.7106093793794	14.5589746239973	57.92202	7.8464	1.1	25.4470367667668	1.15976849710843
31.7151249149149	14.5596707053858	58.04392	7.8108	1.0576	25.44884995996	1.1579097287647
31.7196404504504	14.5603596674541	58.16582	7.85271	1.0648	25.4506631531532	1.15606777752932
31.724155985986	14.5610415830165	58.2877	7.69631	1.0632	25.4524763463463	1.15424249125038
31.7286715215215	14.5617165241427	58.40958	7.68482	1.0528	25.4542895395395	1.15243371915256
31.7331870570571	14.562384562165	58.53146	7.73311	1.052	25.4561027327327	1.1506413118247
31.7377025925926	14.5630457676866	58.65336	7.65754	1.0072	25.4579159259259	1.14886512120741
31.7422181281281	14.5637002105883	58.77523	7.73455	1.012	25.4597291191191	1.14710500058084
31.7467336636637	14.5643479600361	58.8971	7.63927	1.0192	25.4615423123123	1.1453608045526
31.7512491991992	14.5649890844889	59.01899	7.59541	1.0184	25.4633555055055	1.14363238904573
31.7557647347347	14.5656236517052	59.14089	7.69262	0.9976	25.4651686986987	1.14191961128681
31.7602802702703	14.5662517287504	59.26286	7.64082	0.9776	25.4669818918919	1.14022232979413
31.7647958058058	14.5668733820043	59.38472	7.8504	0.9728	25.4687950850851	1.13854040436605
31.7693113413413	14.5674886771674	59.50661	7.90226	0.9848	25.4706082782783	1.13687369606937
31.7738268768769	14.5680976792685	59.62849	7.68077	0.9736	25.4724214714715	1.13522206722792
31.7783424124124	14.5687004526713	59.75039	7.65452	0.9208	25.4742346646647	1.13358538141111
31.7828579479479	14.5692970610811	59.87229	7.61275	3.5184	25.4760478578579	1.13196350342271
31.7873734834835	14.5698875675516	59.99417	7.64295	12.7968	25.4778610510511	1.13035629928969
31.791889019019	14.5704720344917	60.11604	7.69171	13.7176	25.4796742442442	1.12876363625112
31.7964045545546	14.5710505236721	60.23789	7.67627	13.8616	25.4814874374374	1.1271853827472
31.8009200900901	14.5716230962315	60.35982	7.76128	13.904	25.4833006306306	1.12562140840844
31.8054356256256	14.5721898126833	60.48172	7.85171	14.784	25.4851138238238	1.12407158404485
31.8099511611612	14.5727507329223	60.60363	7.8372	15.1272	25.486927017017	1.12253578163527
31.8144666966967	14.5733059162304	60.72552	7.78025	14.9888	25.4887402102102	1.12101387431681
31.8189822322322	14.5738554212833	60.84747	7.90645	14.9224	25.4905534034034	1.11950573637437
31.8234977677678	14.5743993061565	60.96935	7.86376	14.696	25.4923665965966	1.11801124323025
31.8280133033033	14.5749376283317	61.09124	7.89737	15.0408	25.4941797897898	1.11653027143386
31.8325288388388	14.5754704447024	61.21328	7.93208	15.4984	25.495992982983	1.11506269865152
31.8370443743744	14.5759978115805	61.33589	8.00624	15.6416	25.4978061761762	1.11360840365636
31.8415599099099	14.5765197847019	61.45855	7.94136	15.7968	25.4996193693694	1.1121672663183
31.8460754454454	14.5770364192322	61.58045	7.97184	14.98	25.5014325625626	1.11073916759414
31.850590980981	14.5775477697732	61.70234	7.93994	15.3064	25.5032457557558	1.10932398951769
31.8551065165165	14.5780538903678	61.82432	8.01048	16.2104	25.505058948949	1.10792161519009
31.8596220520521	14.5785548345066	61.94628	7.91158	15.8768	25.5068721421421	1.1065319287701
31.8641375875876	14.5790506551328	62.06815	3.34704	15.9664	25.5086853353353	1.10515481546454
31.8686531231231	14.5795414046482	62.19006	2.16799	16.3312	25.5104985285285	1.10379016151882
31.8731686586587	14.5800271349187	62.31204	1.7436	16.0816	25.5123117217217	1.10243785420754
31.8776841941942	14.5805078972796	62.43393	1.49859	16.4296	25.5141249149149	1.10109778182519
31.8821997297297	14.5809837425414	62.55582	1.34032	16.9488	25.5159381081081	1.09976983367688
31.8867152652653	14.5814547209947	62.6777	1.26822	16.6448	25.5177513013013	1.09845390006926
31.8912308008008	14.5819208824158	62.79958	1.18153	17.18	25.5195644944945	1.0971498723014
31.8957463363363	14.582382276072	62.92146	1.13895	17.5104	25.5213776876877	1.09585764265584
31.9002618718719	14.5828389507265	63.04333	1.09126	16.9984	25.5231908808809	1.09457710438969
31.9047774074074	14.5832909546439	63.16524	1.06354	16.8984	25.5250040740741	1.09330815172583
31.9092929429429	14.5837383355953	63.28718	1.02943	16.688	25.5268172672673	1.09205067984412
31.9138084784785	14.584181140863	63.40909	0.99453	17.1816	25.5286304604605	1.0908045848728
31.918324014014	14.5846194172457	63.531	0.98367	17.3048	25.5304436536537	1.08956976387986
31.9228395495495	14.5850532110637	63.65287	0.95113	17.1176	25.5322568468468	1.08834611486459
31.9273550850851	14.5854825681632	63.77481	0.90347	17.1104	25.53407004004	1.08713353674911
31.9318706206206	14.5859075339217	63.89668	0.88409	17.2792	25.5358832332332	1.08593192937003
31.9363861561562	14.5863281532527	64.02019	0.837171	17.3952	25.5376964264264	1.08474119347021
31.9409016916917	14.5867444706101	64.14091	0.856722	17.1896	25.5395096196196	1.0835612306905
31.9454172272272	14.5871565299933	64.26174	0.842207	16.9584	25.5413228128128	1.08239194356167
31.9499327627628	14.5875643749517	64.38248	0.813234	17.5592	25.543136006006	1.08123323549634
31.9544482982983	14.5879680485891	64.50322	0.791009	17.6696	25.5449491991992	1.08008501078099
31.9589638338338	14.5883675935686	64.62398	0.78056	17.1088	25.5467623923924	1.07894717456805
31.9634793693694	14.5887630521169	64.74474	0.759206	17.8496	25.5485755855856	1.07781963286811
31.9679949049049	14.589154466029	64.86552	0.753094	3.7984	25.5503887787788	1.0767022925421
31.9725104404404	14.5895418766721	64.98626	0.730356	2.4072	25.552201971972	1.07559506129364
31.977025975976	14.5899253249906	65.10703	0.726788	2.2624	25.5540151651652	1.07449784766137
31.9815415115115	14.5903048515099	65.22778	0.706818	2.0264	25.5558283583584	1.07341056101144
31.986057047047	14.5906804963411	65.3486	0.71831	1.8576	25.5576415515516	1.07233311153001
31.9905725825826	14.5910522991851	65.46934	0.703702	1.5936	25.5594547447447	1.07126541021582
31.9950881181181	14.5914202993364	65.59008	0.698225	1.5832	25.5612679379379	1.07020736887283
31.9996036536537	14.5917845356881	65.7108	0.66391	1.5536	25.5630811311311	1.06915890010296
32.0041191891892	14.592145046735	65.83155	0.656142	1.5144	25.5648943243243	1.06811991729888
32.0086347247247	14.5925018705787	65.95231	0.657365	1.4136	25.5667075175175	1.06709033463679
32.0131502602603	14.5928550449307	66.07306	0.645572	1.3728	25.5685207107107	1.06607006706942
32.0176657957958	14.593204607117	66.19378	0.647941	1.3256	25.5703339039039	1.06505903031895
32.0221813313313	14.5935505940818	66.31451	0.637357	1.2784	25.5721470970971	1.06405714087003
32.0266968668669	14.5938930423913	66.43526	0.620901	1.2352	25.5739602902903	1.06306431596294
32.0312124024024	14.5942319882381	66.55601	0.616435	1.2344	25.5757734834835	1.06208047358673
32.0357279379379	14.5945674674442	66.67698	0.612572	1.2224	25.5775866766767	1.06110553247241
32.0402434734735	14.5948995154655	66.79774	0.604066	1.1472	25.5793998698699	1.06013941208629
32.044759009009	14.5952281673951	66.91849	0.596275	1.128	25.5812130630631	1.0591820326233
32.0492745445445	14.5955534579672	67.03925	0.579359	1.1496	25.5830262562563	1.0582333150004
32.0537900800801	14.595875421561	67.16005	0.561706	1.1192	25.5848394494495	1.05729318085005
32.0583056156156	14.5961940922037	67.28086	0.559542	1.1056	25.5866526426426	1.05636155251372
32.0628211511511	14.5965095035746	67.40841	7.86587	1.0808	25.5884658358358	1.05543835303553
32.0673366866867	14.5968216890088	67.53032	8.30809	1.0456	25.590279029029	1.05452350615583
32.0718522222222	14.5971306815002	67.65224	8.22904	1.048	25.5920922222222	1.05361693630491
32.0763677577578	14.5974365137052	67.77422	8.28615	1.0648	25.5939054154154	1.0527185685968
32.0808832932933	14.5977392179464	67.89612	8.32963	1.0192	25.5957186086086	1.05182832882304
32.0853988288288	14.5980388262156	68.01801	8.18174	1.0152	25.5975318018018	1.05094614344659
32.0899143643644	14.5983353701776	68.14024	8.2091	1.0208	25.599344994995	1.05007193959569
32.0944298998999	14.5986288811732	68.26247	8.12979	0.9888	25.6011581881882	1.04920564505794
32.0989454354354	14.5989193902228	68.38438	7.98745	1.0336	25.6029713813814	1.04834718827422
32.103460970971	14.5992069280294	68.50628	8.0978	0.9968	25.6047845745746	1.04749649833288
32.1079765065065	14.599491524982	68.62816	7.95857	1.0144	25.6065977677678	1.04665350496382
32.112492042042	14.5997732111587	68.75004	7.9663	0.9872	25.608410960961	1.04581813853271
32.1170075775776	14.6000520163303	68.87199	7.89577	1.024	25.6102241541542	1.04499033003523
32.1215231131131	14.6003279699628	68.99388	7.79695	0.9608	25.6120373473473	1.04417001109137
32.1260386486486	14.6006011012208	69.1158	7.90123	0.9208	25.6138505405405	1.0433571139398
32.1305541841842	14.6008714389709	69.23767	7.90787	0.9288	25.6156637337337	1.04255157143225
32.1350697197197	14.6011390117842	69.35963	7.86853	0.8808	25.6174769269269	1.04175331702795
32.1395852552553	14.6014038479398	69.48151	7.8708	0.8976	25.6192901201201	1.04096228478819
32.1441007907908	14.6016659754273	69.60348	7.78083	0.916	25.6211033133133	1.0401784093708
32.1486163263263	14.6019254219502	69.72535	7.87048	0.9784	25.6229165065065	1.03940162602482
32.1531318618619	14.6021822149287	69.84725	7.76114	0.9888	25.6247296996997	1.0386318705851
32.1576473973974	14.6024363815025	69.96914	7.75672	1.0064	25.6265428928929	1.03786907946704
32.1621629329329	14.6026879485336	70.09103	7.83319	0.9632	25.6283560860861	1.0371131896613
32.1666784684685	14.6029369426095	70.21293	7.75206	1.008	25.6301692792793	1.03636413872862
32.171194004004	14.6031833900456	70.33482	7.78812	1.004	25.6319824724725	1.03562186479467
32.1757095395395	14.6034273168882	70.45678	7.81099	0.9608	25.6337956656657	1.0348863065449
32.1802250750751	14.6036687489172	70.57869	7.66976	0.908	25.6356088588589	1.03415740321952
32.1847406106106	14.6039077116488	70.70057	7.79308	0.8824	25.6374220520521	1.03343509460844
32.1892561461461	14.6041442303383	NaN	NaN	NaN	25.6392352452452	1.03271932104635
32.1937716816817	14.6043783299827	NaN	NaN	NaN	25.6410484384384	1.03201002340773
32.1982872172172	14.6046100353233	NaN	NaN	NaN	25.6428616316316	1.031307143102
32.2028027527528	14.6048393708482	NaN	NaN	NaN	25.6446748248248	1.03061062206868
32.2073182882883	14.6050663607954	NaN	NaN	NaN	25.646488018018	1.0299204027726
32.2118338238238	14.6052910291546	NaN	NaN	NaN	25.6483012112112	1.02923642819912
32.2163493593594	14.6055133996705	NaN	NaN	NaN	25.6501144044044	1.02855864184944
32.2208648948949	14.6057334958447	NaN	NaN	NaN	25.6519275975976	1.02788698773593
32.2253804304304	14.6059513409385	NaN	NaN	NaN	25.6537407907908	1.02722141037751
32.229895965966	14.6061669579753	NaN	NaN	NaN	25.655553983984	1.02656185479507
32.2344115015015	14.6063803697431	NaN	NaN	NaN	25.6573671771772	1.0259082665069
32.238927037037	14.6065915987967	NaN	NaN	NaN	25.6591803703704	1.02526059152421
32.2434425725726	14.6068006674603	NaN	NaN	NaN	25.6609935635636	1.0246187763467
32.2479581081081	14.6070075978297	NaN	NaN	NaN	25.6628067567568	1.02398276795808
32.2524736436436	14.6072124117748	NaN	NaN	NaN	25.66461994995	1.02335251382175
32.2569891791792	14.6074151309417	NaN	NaN	NaN	25.6664331431431	1.02272796187639
32.2615047147147	14.6076157767554	NaN	NaN	NaN	25.6682463363363	1.02210906053176
32.2660202502503	14.6078143704213	NaN	NaN	NaN	25.6700595295295	1.02149575866432
32.2705357857858	14.6080109329284	NaN	NaN	NaN	25.6718727227227	1.02088800561312
32.2750513213213	14.6082054850506	NaN	NaN	NaN	25.6736859159159	1.02028575117552
32.2795668568569	14.6083980473497	NaN	NaN	NaN	25.6754991091091	1.01968894560311
32.2840823923924	14.6085886401769	NaN	NaN	NaN	25.6773123023023	1.01909753959758
32.2885979279279	14.6087772836756	NaN	NaN	NaN	25.6791254954955	1.01851148430662
32.2931134634635	14.6089639977827	NaN	NaN	NaN	25.6809386886887	1.01793073131993
32.297628998999	14.6091488022317	NaN	NaN	NaN	25.6827518818819	1.01735523266519
32.3021445345345	14.609331716554	NaN	NaN	NaN	25.6845650750751	1.0167849408041
32.3066600700701	14.6095127600811	NaN	NaN	NaN	25.6863782682683	1.01621980862849
32.3111756056056	14.6096919519471	NaN	NaN	NaN	25.6881914614615	1.01565978945637
32.3156911411411	14.6098693110902	NaN	NaN	NaN	25.6900046546547	1.01510483702811
32.3202066766767	14.610044856255	NaN	NaN	NaN	25.6918178478478	1.01455490550261
32.3247222122122	14.6102186059944	NaN	NaN	NaN	25.693631041041	1.01400994945352
32.3292377477477	14.6103905786714	NaN	NaN	NaN	25.6954442342342	1.01346992386548
32.3337532832833	14.6105607924613	NaN	NaN	NaN	25.6972574274274	1.0129347841304
32.3382688188188	14.6107292653535	NaN	NaN	NaN	25.6990706206206	1.01240448604379
32.3427843543544	14.6108960151534	NaN	NaN	NaN	25.7008838138138	1.01187898580109
32.3472998898899	14.6110610594843	NaN	NaN	NaN	25.702697007007	1.01135823999406
32.3518154254254	14.6112244157893	NaN	NaN	NaN	25.7045102002002	1.01084220560719
32.356330960961	14.6113861013329	NaN	NaN	NaN	25.7063233933934	1.01033084001417
32.3608464964965	14.6115461332033	NaN	NaN	NaN	25.7081365865866	1.00982410097432
32.365362032032	14.6117045283137	NaN	NaN	NaN	25.7099497797798	1.00932194662914
32.3698775675676	14.6118613034046	NaN	NaN	NaN	25.711762972973	1.00882433549886
32.3743931031031	14.6120164750448	NaN	NaN	NaN	25.7135761661662	1.00833122647899
32.3789086386386	14.6121700596342	NaN	NaN	NaN	25.7153893593594	1.0078425788369
32.3834241741742	14.6123220734045	NaN	NaN	NaN	25.7172025525526	1.00735835220853
32.3879397097097	14.6124725324217	NaN	NaN	NaN	25.7190157457457	1.00687850659499
32.3924552452452	14.6126214525874	NaN	NaN	NaN	25.7208289389389	1.00640300235927
32.3969707807808	14.6127688496404	NaN	NaN	NaN	25.7226421321321	1.00593180022299
32.4014863163163	14.6129147391587	NaN	NaN	NaN	25.7244553253253	1.00546486126313
32.4060018518518	14.613059136561	NaN	NaN	NaN	25.7262685185185	1.00500214690884
32.4105173873874	14.6132020571083	NaN	NaN	NaN	25.7280817117117	1.0045436189382
32.4150329229229	14.6133435159052	NaN	NaN	NaN	25.7298949049049	1.00408923947514
32.4195484584585	14.6134835279022	NaN	NaN	NaN	25.7317080980981	1.00363897098626
32.424063993994	14.6136221078969	NaN	NaN	NaN	25.7335212912913	1.00319277627774
32.4285795295295	14.6137592705351	NaN	NaN	NaN	25.7353344844845	1.00275061849225
32.4330950650651	14.6138950303134	NaN	NaN	NaN	25.7371476776777	1.00231246110596
32.4376106006006	14.6140294015797	NaN	NaN	NaN	25.7389608708709	1.00187826792546
32.4421261361361	14.6141623985353	NaN	NaN	NaN	25.7407740640641	1.00144800308481
32.4466416716717	14.6142940352363	NaN	NaN	NaN	25.7425872572573	1.00102163104256
32.4511572072072	14.6144243255949	NaN	NaN	NaN	25.7444004504504	1.00059911657883
32.4556727427427	14.6145532833813	NaN	NaN	NaN	25.7462136436436	1.00018042479238
32.4601882782783	14.6146809222245	NaN	NaN	NaN	25.7480268368368	0.999765521097738
32.4647038138138	14.6148072556143	NaN	NaN	NaN	25.74984003003	0.999354371222343
32.4692193493493	14.6149322969025	NaN	NaN	NaN	25.7516532232232	0.998946941203712
32.4737348848849	14.6150560593044	NaN	NaN	NaN	25.7534664164164	0.998543197386639
32.4782504204204	14.6151785559001	NaN	NaN	NaN	25.7552796096096	0.998143106420412
32.482765955956	14.6152997996358	NaN	NaN	NaN	25.7570928028028	0.997746635256054
32.4872814914915	14.6154198033254	NaN	NaN	NaN	25.758905995996	0.997353751143599
32.491797027027	14.6155385796518	NaN	NaN	NaN	25.7607191891892	0.996964421629387
32.4963125625626	14.6156561411681	NaN	NaN	NaN	25.7625323823824	0.996578614553375
32.5008280980981	14.615772500299	NaN	NaN	NaN	25.7643455755756	0.996196298046491
32.5053436336336	14.6158876693421	NaN	NaN	NaN	25.7661587687688	0.995817440527996
32.5098591691692	14.6160016604695	NaN	NaN	NaN	25.767971961962	0.995442010702874
32.5143747047047	14.6161144857283	NaN	NaN	NaN	25.7697851551552	0.995069977559252
32.5188902402402	14.6162261570429	NaN	NaN	NaN	25.7715983483483	0.994701310365832
32.5234057757758	14.6163366862153	NaN	NaN	NaN	25.7734115415415	0.994335978669357
32.5279213113113	14.6164460849272	NaN	NaN	NaN	25.7752247347347	0.993973952292098
32.5324368468468	14.6165543647405	NaN	NaN	NaN	25.7770379279279	0.993615201329351
32.5369523823824	14.616661537099	NaN	NaN	NaN	25.7788511211211	0.993259696146977
32.5414679179179	14.6167676133294	NaN	NaN	NaN	25.7806643143143	0.992907407378951
32.5459834534535	14.6168726046427	NaN	NaN	NaN	25.7824775075075	0.992558305924932
32.550498988989	14.616976522135	NaN	NaN	NaN	25.7842907007007	0.992212362947866
32.5550145245245	14.6170793767891	NaN	NaN	NaN	25.7861038938939	0.991869549871601
32.5595300600601	14.6171811794753	NaN	NaN	NaN	25.7879170870871	0.991529838378523
32.5640455955956	14.617281940953	NaN	NaN	NaN	25.7897302802803	0.991193200407223
32.5685611311311	14.6173816718712	NaN	NaN	NaN	25.7915434734735	0.990859608150175
32.5730766666667	14.6174803827703	NaN	NaN	NaN	25.7933566666667	0.99052903405144
32.5775922022022	14.6175780840827	NaN	NaN	NaN	25.7951698598599	0.990201450804391
32.5821077377377	14.6176747861342	NaN	NaN	NaN	25.7969830530531	0.989876831349454
32.5866232732733	14.6177704991449	NaN	NaN	NaN	25.7987962462462	0.989555148871878
32.5911388088088	14.6178652332304	NaN	NaN	NaN	25.8006094394394	0.989236376799516
32.5956543443443	14.617958998403	NaN	NaN	NaN	25.8024226326326	0.988920488800628
32.6001698798799	14.6180518045723	NaN	NaN	NaN	25.8042358258258	0.988607458781714
32.6046854154154	14.6181436615469	NaN	NaN	NaN	25.806049019019	0.988297260885351
32.609200950951	14.6182345790347	NaN	NaN	NaN	25.8078622122122	0.987989869488059
32.6137164864865	14.6183245666446	NaN	NaN	NaN	25.8096754054054	0.987685259198187
32.618232022022	14.6184136338871	NaN	NaN	NaN	25.8114885985986	0.987383404853812
32.6227475575576	14.6185017901754	NaN	NaN	NaN	25.8133017917918	0.987084281520663
32.6272630930931	14.6185890448266	NaN	NaN	NaN	25.815114984985	0.986787864490059
32.6317786286286	14.6186754070623	NaN	NaN	NaN	25.8169281781782	0.986494129276874
32.6362941641642	14.6187608860099	NaN	NaN	NaN	25.8187413713714	0.986203051617503
32.6408096996997	14.6188454907034	NaN	NaN	NaN	25.8205545645646	0.98591460746787
32.6453252352352	14.6189292300844	NaN	NaN	NaN	25.8223677577578	0.985628773001435
32.6498407707708	14.6190121130031	NaN	NaN	NaN	25.824180950951	0.985345524607227
32.6543563063063	14.6190941482192	NaN	NaN	NaN	25.8259941441441	0.985064838887894
32.6588718418418	14.6191753444026	NaN	NaN	NaN	25.8278073373373	0.984786692657772
32.6633873773774	14.6192557101349	NaN	NaN	NaN	25.8296205305305	0.984511062940964
32.6679029129129	14.6193352539095	NaN	NaN	NaN	25.8314337237237	0.984237926969451
32.6724184484484	14.6194139841333	NaN	NaN	NaN	25.8332469169169	0.983967262181203
32.676933983984	14.619491909127	NaN	NaN	NaN	25.8350601101101	0.98369904621832
32.6814495195195	14.6195690371263	NaN	NaN	NaN	25.8368733033033	0.983433256925185
32.6859650550551	14.6196453762826	NaN	NaN	NaN	25.8386864964965	0.98316987234663
32.6904805905906	14.6197209346639	NaN	NaN	NaN	25.8404996896897	0.982908870726129
32.6949961261261	14.6197957202558	NaN	NaN	NaN	25.8423128828829	0.982650230503994
32.6995116616617	14.6198697409623	NaN	NaN	NaN	25.8441260760761	0.982393930315597
32.7040271971972	14.6199430046062	NaN	NaN	NaN	25.8459392692693	0.982139948989608
32.7085427327327	14.6200155189306	NaN	NaN	NaN	25.8477524624625	0.981888265546243
32.7130582682683	14.6200872915994	NaN	NaN	NaN	25.8495656556557	0.981638859195527
32.7175738038038	14.620158330198	NaN	NaN	NaN	25.8513788488488	0.981391709335587
32.7220893393393	14.6202286422342	NaN	NaN	NaN	25.853192042042	0.981146795550942
32.7266048748749	14.6202982351391	NaN	NaN	NaN	25.8550052352352	0.980904097610817
32.7311204104104	14.6203671162678	NaN	NaN	NaN	25.8568184284284	0.980663595467479
32.7356359459459	14.6204352929001	NaN	NaN	NaN	25.8586316216216	0.980425269254569
32.7401514814815	14.6205027722414	NaN	NaN	NaN	25.8604448148148	0.980189099285474
32.744667017017	14.6205695614235	NaN	NaN	NaN	25.862258008008	0.979955066051692
32.7491825525525	14.620635667505	NaN	NaN	NaN	25.8640712012012	0.979723150221222
32.7536980880881	14.6207010974725	NaN	NaN	NaN	25.8658843943944	0.97949333263697
32.7582136236236	14.6207658582411	NaN	NaN	NaN	25.8676975875876	0.979265594315165
32.7627291591592	14.6208299566552	NaN	NaN	NaN	25.8695107807808	0.979039916443789
32.7672446946947	14.6208933994891	NaN	NaN	NaN	25.871323973974	0.978816280381026
32.7717602302302	14.620956193448	NaN	NaN	NaN	25.8731371671672	0.978594667653719
32.7762757657658	14.6210183451683	NaN	NaN	NaN	25.8749503603604	0.97837505995585
32.7807913013013	14.6210798612187	NaN	NaN	NaN	25.8767635535536	0.97815743914702
32.7853068368368	14.6211407481006	NaN	NaN	NaN	25.8785767467467	0.977941787250955
32.7898223723724	14.6212010122491	NaN	NaN	NaN	25.8803899399399	0.977728086454021
32.7943379079079	14.6212606600331	NaN	NaN	NaN	25.8822031331331	0.977516319103751
32.7988534434434	14.6213196977567	NaN	NaN	NaN	25.8840163263263	0.977306467707391
32.803368978979	14.6213781316595	NaN	NaN	NaN	25.8858295195195	0.977098514930446
32.8078845145145	14.6214359679172	NaN	NaN	NaN	25.8876427127127	0.97689244359526
32.81240005005	14.6214932126422	NaN	NaN	NaN	25.8894559059059	0.976688236679587
32.8169155855856	14.6215498718846	NaN	NaN	NaN	25.8912690990991	0.976485877315189
32.8214311211211	14.6216059516326	NaN	NaN	NaN	25.8930822922923	0.976285348786446
32.8259466566567	14.6216614578131	NaN	NaN	NaN	25.8948954854855	0.976086634528966
32.8304621921922	14.6217163962923	NaN	NaN	NaN	25.8967086786787	0.975889718128228
32.8349777277277	14.6217707728766	NaN	NaN	NaN	25.8985218718719	0.975694583318218
32.8394932632633	14.6218245933127	NaN	NaN	NaN	25.9003350650651	0.975501213980087
32.8440087987988	14.621877863289	NaN	NaN	NaN	25.9021482582583	0.975309594140822
32.8485243343343	14.6219305884352	NaN	NaN	NaN	25.9039614514515	0.975119707971925
32.8530398698699	14.6219827743238	NaN	NaN	NaN	25.9057746446446	0.974931539788103
32.8575554054054	14.6220344264702	NaN	NaN	NaN	25.9075878378378	0.974745074045979
32.8620709409409	14.6220855503332	NaN	NaN	NaN	25.909401031031	0.974560295342802
32.8665864764765	14.6221361513161	NaN	NaN	NaN	25.9112142242242	0.974377188415175
32.871102012012	14.6221862347667	NaN	NaN	NaN	25.9130274174174	0.974195738137797
32.8756175475475	14.6222358059781	NaN	NaN	NaN	25.9148406106106	0.974015929522213
32.8801330830831	14.6222848701894	NaN	NaN	NaN	25.9166538038038	0.973837747715574
32.8846486186186	14.6223334325861	NaN	NaN	NaN	25.918466996997	0.973661177999413
32.8891641541542	14.6223814983006	NaN	NaN	NaN	25.9202801901902	0.973486205788426
32.8936796896897	14.6224290724128	NaN	NaN	NaN	25.9220933833834	0.97331281662927
32.8981952252252	14.6224761599506	NaN	NaN	NaN	25.9239065765766	0.973140996199366
32.9027107607608	14.6225227658907	NaN	NaN	NaN	25.9257197697698	0.972970730305721
32.9072262962963	14.6225688951585	NaN	NaN	NaN	25.927532962963	0.972802004883748
32.9117418318318	14.6226145526295	NaN	NaN	NaN	25.9293461561562	0.972634805996113
32.9162573673674	14.6226597431291	NaN	NaN	NaN	25.9311593493494	0.972469119831576
32.9207729029029	14.6227044714331	NaN	NaN	NaN	25.9329725425425	0.972304932703855
32.9252884384384	14.622748742269	NaN	NaN	NaN	25.9347857357357	0.972142231050494
32.929803973974	14.6227925603155	NaN	NaN	NaN	25.9365989289289	0.971981001431742
32.9343195095095	14.6228359302035	NaN	NaN	NaN	25.9384121221221	0.971821230529444
32.938835045045	14.6228788565169	NaN	NaN	NaN	25.9402253153153	0.971662905145939
32.9433505805806	14.6229213437923	NaN	NaN	NaN	25.9420385085085	0.971506012202973
32.9478661161161	14.62296339652	NaN	NaN	NaN	25.9438517017017	0.971350538740616
32.9523816516516	14.6230050191445	NaN	NaN	NaN	25.9456648948949	0.971196471916192
32.9568971871872	14.6230462160648	NaN	NaN	NaN	25.9474780880881	0.971043799003218
32.9614127227227	14.6230869916348	NaN	NaN	NaN	25.9492912812813	0.970892507390355
32.9659282582583	14.623127350164	NaN	NaN	NaN	25.9511044744745	0.970742584580363
32.9704437937938	14.6231672959178	NaN	NaN	NaN	25.9529176676677	0.97059401818907
32.9749593293293	14.6232068331179	NaN	NaN	NaN	25.9547308608609	0.970446795944349
32.9794748648649	14.6232459659429	NaN	NaN	NaN	25.9565440540541	0.970300905685106
32.9839904004004	14.6232846985287	NaN	NaN	NaN	25.9583572472472	0.970156335360272
32.9885059359359	14.6233230349686	NaN	NaN	NaN	25.9601704404404	0.970013073027811
32.9930214714715	14.6233609793145	NaN	NaN	NaN	25.9619836336336	0.96987110685373
32.997537007007	14.6233985355766	NaN	NaN	NaN	25.9637968268268	0.969730425111106
33.0020525425425	14.6234357077239	NaN	NaN	NaN	25.96561002002	0.969591016179112
33.0065680780781	14.6234724996853	NaN	NaN	NaN	25.9674232132132	0.969452868542061
33.0110836136136	14.623508915349	NaN	NaN	NaN	25.9692364064064	0.969315970788455
33.0155991491491	14.6235449585638	NaN	NaN	NaN	25.9710495995996	0.969180311610039
33.0201146846847	14.623580633139	NaN	NaN	NaN	25.9728627927928	0.969045879800869
33.0246302202202	14.6236159428449	NaN	NaN	NaN	25.974675985986	0.968912664256387
33.0291457557557	14.6236508914133	NaN	NaN	NaN	25.9764891791792	0.968780653972503
33.0336612912913	14.6236854825377	NaN	NaN	NaN	25.9783023723724	0.968649838044684
33.0381768268268	14.6237197198741	NaN	NaN	NaN	25.9801155655656	0.968520205667058
33.0426923623624	14.6237536070408	NaN	NaN	NaN	25.9819287587588	0.968391746131517
33.0472078978979	14.6237871476194	NaN	NaN	NaN	25.983741951952	0.968264448826833
33.0517234334334	14.6238203451546	NaN	NaN	NaN	25.9855551451451	0.968138303237786
33.056238968969	14.6238532031549	NaN	NaN	NaN	25.9873683383383	0.968013298944287
33.0607545045045	14.623885725093	NaN	NaN	NaN	25.9891815315315	0.967889425620527
33.06527004004	14.6239179144061	NaN	NaN	NaN	25.9909947247247	0.967766673034116
33.0697855755756	14.6239497744962	NaN	NaN	NaN	25.9928079179179	0.967645031045243
33.0743011111111	14.6239813087304	NaN	NaN	NaN	25.9946211111111	0.967524489605834
33.0788166466466	14.6240125204416	NaN	NaN	NaN	25.9964343043043	0.967405038758727
33.0833321821822	14.6240434129283	NaN	NaN	NaN	25.9982474974975	0.967286668636845
33.0878477177177	14.6240739894556	NaN	NaN	NaN	26.0000606906907	0.967169369462385
33.0923632532533	14.624104253255	NaN	NaN	NaN	26.0018738838839	0.967053131546006
33.0968787887888	14.6241342075249	NaN	NaN	NaN	26.0036870770771	0.966937945286031
33.1013943243243	14.6241638554311	NaN	NaN	NaN	26.0055002702703	0.966823801167655
33.1059098598599	14.6241932001071	NaN	NaN	NaN	26.0073134634635	0.966710689762156
33.1104253953954	14.6242222446542	NaN	NaN	NaN	26.0091266566567	0.966598601726121
33.1149409309309	14.624250992142	NaN	NaN	NaN	26.0109398498499	0.966487527800667
33.1194564664665	14.6242794456088	NaN	NaN	NaN	26.012753043043	0.966377458810682
33.123972002002	14.6243076080617	NaN	NaN	NaN	26.0145662362362	0.966268385664067
33.1284875375375	14.6243354824771	NaN	NaN	NaN	26.0163794294294	0.966160299350981
33.1330030730731	14.624363071801	NaN	NaN	NaN	26.0181926226226	0.966053190943098
33.1375186086086	14.6243903789493	NaN	NaN	NaN	26.0200058158158	0.965947051592875
33.1420341441441	14.6244174068079	NaN	NaN	NaN	26.021819009009	0.965841872532814
33.1465496796797	14.6244441582333	NaN	NaN	NaN	26.0236322022022	0.965737645074738
33.1510652152152	14.6244706360528	NaN	NaN	NaN	26.0254453953954	0.965634360609081
33.1555807507508	14.6244968430649	NaN	NaN	NaN	26.0272585885886	0.965532010604167
33.1600962862863	14.6245227820391	NaN	NaN	NaN	26.0290717817818	0.965430586605513
33.1646118218218	14.6245484557169	NaN	NaN	NaN	26.030884974975	0.965330080235126
33.1691273573574	14.6245738668118	NaN	NaN	NaN	26.0326981681682	0.965230483190813
33.1736428928929	14.6245990180093	NaN	NaN	NaN	26.0345113613614	0.965131787245493
33.1781584284284	14.6246239119676	NaN	NaN	NaN	26.0363245545546	0.965033984246523
33.182673963964	14.6246485513176	NaN	NaN	NaN	26.0381377477477	0.964937066115016
33.1871894994995	14.6246729386635	NaN	NaN	NaN	26.0399509409409	0.964841024845181
33.191705035035	14.6246970765826	NaN	NaN	NaN	26.0417641341341	0.964745852503659
33.1962205705706	14.624720967626	NaN	NaN	NaN	26.0435773273273	0.964651541228866
33.2007361061061	14.6247446143186	NaN	NaN	NaN	26.0453905205205	0.964558083230347
33.2052516416416	14.6247680191597	NaN	NaN	NaN	26.0472037137137	0.964465470788129
33.2097671771772	14.6247911846229	NaN	NaN	NaN	26.0490169069069	0.964373696252088
33.2142827127127	14.6248141131563	NaN	NaN	NaN	26.0508301001001	0.96428275204131
33.2187982482482	14.6248368071833	NaN	NaN	NaN	26.0526432932933	0.964192630643473
33.2233137837838	14.6248592691023	NaN	NaN	NaN	26.0544564864865	0.964103324614219
33.2278293193193	14.6248815012872	NaN	NaN	NaN	26.0562696796797	0.964014826576544
33.2323448548549	14.6249035060878	NaN	NaN	NaN	26.0580828728729	0.963927129220188
33.2368603903904	14.6249252858295	NaN	NaN	NaN	26.0598960660661	0.963840225301027
33.2413759259259	14.6249468428144	NaN	NaN	NaN	26.0617092592593	0.963754107640483
33.2458914614615	14.6249681793206	NaN	NaN	NaN	26.0635224524525	0.96366876912492
33.250406996997	14.6249892976031	NaN	NaN	NaN	26.0653356456456	0.963584202705065
33.2549225325325	14.625010199894	NaN	NaN	NaN	26.0671488388388	0.963500401395425
33.2594380680681	14.6250308884022	NaN	NaN	NaN	26.068962032032	0.963417358273704
33.2639536036036	14.6250513653143	NaN	NaN	NaN	26.0707752252252	0.963335066480238
33.2684691391391	14.6250716327944	NaN	NaN	NaN	26.0725884184184	0.963253519217424
33.2729846746747	14.6250916929846	NaN	NaN	NaN	26.0744016116116	0.963172709749159
33.2775002102102	14.6251115480049	NaN	NaN	NaN	26.0762148048048	0.963092631400287
33.2820157457457	14.6251311999538	NaN	NaN	NaN	26.078027997998	0.963013277556044
33.2865312812813	14.6251506509082	NaN	NaN	NaN	26.0798411911912	0.962934641661513
33.2910468168168	14.6251699029238	NaN	NaN	NaN	26.0816543843844	0.962856717221081
33.2955623523523	14.6251889580353	NaN	NaN	NaN	26.0834675775776	0.962779497797905
33.3000778878879	14.6252078182567	NaN	NaN	NaN	26.0852807707708	0.962702977013379
33.3045934234234	14.6252264855811	NaN	NaN	NaN	26.087093963964	0.962627148546606
33.309108958959	14.6252449619815	NaN	NaN	NaN	26.0889071571572	0.962552006133878
33.3136244944945	14.6252632494106	NaN	NaN	NaN	26.0907203503503	0.962477543568158
33.31814003003	14.6252813498011	NaN	NaN	NaN	26.0925335435435	0.962403754698565
33.3226555655656	14.6252992650661	NaN	NaN	NaN	26.0943467367367	0.96233063342987
33.3271711011011	14.6253169970988	NaN	NaN	NaN	26.0961599299299	0.962258173721988
33.3316866366366	14.6253345477734	NaN	NaN	NaN	26.0979731231231	0.962186369589484
33.3362021721722	14.6253519189448	NaN	NaN	NaN	26.0997863163163	0.962115215101072
33.3407177077077	14.6253691124488	NaN	NaN	NaN	26.1015995095095	0.962044704379134
33.3452332432432	14.6253861301027	NaN	NaN	NaN	26.1034127027027	0.961974831599226
33.3497487787788	14.6254029737048	NaN	NaN	NaN	26.1052258958959	0.961905590989601
33.3542643143143	14.6254196450354	NaN	NaN	NaN	26.1070390890891	0.961836976830731
33.3587798498498	14.6254361458565	NaN	NaN	NaN	26.1088522822823	0.961768983454838
33.3632953853854	14.6254524779119	NaN	NaN	NaN	26.1106654754755	0.961701605245418
33.3678109209209	14.6254686429277	NaN	NaN	NaN	26.1124786686687	0.961634836636788
33.3723264564565	14.6254846426124	NaN	NaN	NaN	26.1142918618619	0.961568672113614
33.376841991992	14.6255004786569	NaN	NaN	NaN	26.1161050550551	0.961503106210467
33.3813575275275	14.6255161527349	NaN	NaN	NaN	26.1179182482482	0.961438133511363
33.3858730630631	14.625531666503	NaN	NaN	NaN	26.1197314414414	0.96137374864932
33.3903885985986	14.6255470216007	NaN	NaN	NaN	26.1215446346346	0.961309946305913
33.3949041341341	14.6255622196509	NaN	NaN	NaN	26.1233578278278	0.961246721210836
33.3994196696697	14.6255772622597	NaN	NaN	NaN	26.125171021021	0.961184068141465
33.4039352052052	14.6255921510171	NaN	NaN	NaN	26.1269842142142	0.961121981922427
33.4084507407407	14.6256068874966	NaN	NaN	NaN	26.1287974074074	0.961060457425174
33.4129662762763	14.6256214732556	NaN	NaN	NaN	26.1306106006006	0.960999489567558
33.4174818118118	14.6256359098357	NaN	NaN	NaN	26.1324237937938	0.960939073313412
33.4219973473473	14.6256501987625	NaN	NaN	NaN	26.134236986987	0.960879203672132
33.4265128828829	14.6256643415464	NaN	NaN	NaN	26.1360501801802	0.960819875698266
33.4310284184184	14.6256783396819	NaN	NaN	NaN	26.1378633733734	0.960761084491109
33.435543953954	14.6256921946485	NaN	NaN	NaN	26.1396765665666	0.96070282519429
33.4400594894895	14.6257059079104	NaN	NaN	NaN	26.1414897597598	0.96064509299538
33.444575025025	14.6257194809171	NaN	NaN	NaN	26.143302952953	0.960587883125489
33.4490905605606	14.625732915103	NaN	NaN	NaN	26.1451161461461	0.960531190858871
33.4536060960961	14.6257462118879	NaN	NaN	NaN	26.1469293393393	0.960475011512539
33.4581216316316	14.6257593726771	NaN	NaN	NaN	26.1487425325325	0.960419340445873
33.4626371671672	14.6257723988615	NaN	NaN	NaN	26.1505557257257	0.960364173060241
33.4671527027027	14.6257852918179	NaN	NaN	NaN	26.1523689189189	0.960309504798614
33.4716682382382	14.6257980529088	NaN	NaN	NaN	26.1541821121121	0.960255331145195
33.4761837737738	14.6258106834829	NaN	NaN	NaN	26.1559953053053	0.960201647625041
33.4806993093093	14.6258231848752	NaN	NaN	NaN	26.1578084984985	0.960148449803699
33.4852148448448	14.6258355584068	NaN	NaN	NaN	26.1596216916917	0.960095733286834
33.4897303803804	14.6258478053855	NaN	NaN	NaN	26.1614348848849	0.960043493719868
33.4942459159159	14.6258599271056	NaN	NaN	NaN	26.1632480780781	0.959991726787623
33.4987614514515	14.6258719248482	NaN	NaN	NaN	26.1650612712713	0.959940428213962
33.503276986987	14.6258837998814	NaN	NaN	NaN	26.1668744644645	0.959889593761434
33.5077925225225	14.6258955534602	NaN	NaN	NaN	26.1686876576577	0.959839219230929
33.5123080580581	14.6259071868267	NaN	NaN	NaN	26.1705008508509	0.959789300461326
33.5168235935936	14.6259187012105	NaN	NaN	NaN	26.172314044044	0.959739833329152
33.5213391291291	14.6259300978285	NaN	NaN	NaN	26.1741272372372	0.959690813748242
33.5258546646647	14.6259413778852	NaN	NaN	NaN	26.1759404304304	0.9596422376694
33.5303702002002	14.6259525425727	NaN	NaN	NaN	26.1777536236236	0.959594101080063
33.5348857357357	14.625963593071	NaN	NaN	NaN	26.1795668168168	0.959546400003974
33.5394012712713	14.625974530548	NaN	NaN	NaN	26.18138001001	0.959499130500849
33.5439168068068	14.6259853561596	NaN	NaN	NaN	26.1831932032032	0.959452288666056
33.5484323423423	14.6259960710499	NaN	NaN	NaN	26.1850063963964	0.959405870630287
33.5529478778779	14.6260066763514	NaN	NaN	NaN	26.1868195895896	0.959359872559243
33.5574634134134	14.626017173185	NaN	NaN	NaN	26.1886327827828	0.959314290653316
33.5619789489489	14.62602756266	NaN	NaN	NaN	26.190445975976	0.959269121147273
33.5664944844845	14.6260378458744	NaN	NaN	NaN	26.1922591691692	0.959224360309948
33.57101002002	14.626048023915	NaN	NaN	NaN	26.1940723623624	0.959180004443934
33.5755255555556	14.6260580978576	NaN	NaN	NaN	26.1958855555556	0.959136049885273
33.5800410910911	14.6260680687668	NaN	NaN	NaN	26.1976987487487	0.959092493003158
33.5845566266266	14.6260779376964	NaN	NaN	NaN	26.1995119419419	0.959049330199631
33.5890721621622	14.6260877056894	NaN	NaN	NaN	26.2013251351351	0.959006557909288
33.5935876976977	14.6260973737782	NaN	NaN	NaN	26.2031383283283	0.958964172598982
33.5981032332332	14.6261069429845	NaN	NaN	NaN	26.2049515215215	0.95892217076753
33.6026187687688	14.6261164143198	NaN	NaN	NaN	26.2067647147147	0.958880548945428
33.6071343043043	14.626125788785	NaN	NaN	NaN	26.2085779079079	0.958839303694561
33.6116498398398	14.6261350673708	NaN	NaN	NaN	26.2103911011011	0.958798431607922
33.6161653753754	14.626144251058	NaN	NaN	NaN	26.2122042942943	0.958757929309326
33.6206809109109	14.626153340817	NaN	NaN	NaN	26.2140174874875	0.958717793453136
33.6251964464464	14.6261623376086	NaN	NaN	NaN	26.2158306806807	0.958678020723983
33.629711981982	14.6261712423836	NaN	NaN	NaN	26.2176438738739	0.958638607836495
33.6342275175175	14.6261800560831	NaN	NaN	NaN	26.2194570670671	0.958599551535024
33.638743053053	14.6261887796386	NaN	NaN	NaN	26.2212702602603	0.958560848593375
33.6432585885886	14.6261974139721	NaN	NaN	NaN	26.2230834534535	0.958522495814546
33.6477741241241	14.6262059599962	NaN	NaN	NaN	26.2248966466466	0.958484490030456
33.6522896596597	14.6262144186139	NaN	NaN	NaN	26.2267098398398	0.958446828101688
33.6568051951952	14.6262227907193	NaN	NaN	NaN	26.228523033033	0.958409506917231
33.6613207307307	14.6262310771973	NaN	NaN	NaN	26.2303362262262	0.958372523394217
33.6658362662663	14.6262392789235	NaN	NaN	NaN	26.2321494194194	0.958335874477673
33.6703518018018	14.6262473967649	NaN	NaN	NaN	26.2339626126126	0.958299557140264
33.6748673373373	14.6262554315793	NaN	NaN	NaN	26.2357758058058	0.958263568382045
33.6793828728729	14.6262633842159	NaN	NaN	NaN	26.237588998999	0.958227905230215
33.6838984084084	14.6262712555153	NaN	NaN	NaN	26.2394021921922	0.958192564738865
33.6884139439439	14.6262790463092	NaN	NaN	NaN	26.2412153853854	0.958157543988744
33.6929294794795	14.6262867574212	NaN	NaN	NaN	26.2430285785786	0.958122840087008
33.697445015015	14.6262943896661	NaN	NaN	NaN	26.2448417717718	0.958088450166988
33.7019605505505	14.6263019438506	NaN	NaN	NaN	26.246654964965	0.958054371387952
33.7064760860861	14.6263094207731	NaN	NaN	NaN	26.2484681581582	0.958020600934868
33.7109916216216	14.6263168212238	NaN	NaN	NaN	26.2502813513514	0.957987136018174
33.7155071571572	14.6263241459848	NaN	NaN	NaN	26.2520945445445	0.957953973873544
33.7200226926927	14.6263313958302	NaN	NaN	NaN	26.2539077377377	0.957921111761666
33.7245382282282	14.6263385715263	NaN	NaN	NaN	26.2557209309309	0.957888546968007
33.7290537637638	14.6263456738315	NaN	NaN	NaN	26.2575341241241	0.957856276802598
33.7335692992993	14.6263527034963	NaN	NaN	NaN	26.2593473173173	0.957824298599805
33.7380848348348	14.6263596612638	NaN	NaN	NaN	26.2611605105105	0.957792609718111
33.7426003703704	14.6263665478691	NaN	NaN	NaN	26.2629737037037	0.957761207539899
33.7471159059059	14.6263733640403	NaN	NaN	NaN	26.2647868968969	0.957730089471235
33.7516314414414	14.6263801104976	NaN	NaN	NaN	26.2666000900901	0.957699252941653
33.756146976977	14.6263867879541	NaN	NaN	NaN	26.2684132832833	0.957668695403942
33.7606625125125	14.6263933971155	NaN	NaN	NaN	26.2702264764765	0.957638414333938
33.765178048048	14.6263999386803	NaN	NaN	NaN	26.2720396696697	0.957608407230315
33.7696935835836	14.6264064133399	NaN	NaN	NaN	26.2738528628629	0.957578671614375
33.7742091191191	14.6264128217785	NaN	NaN	NaN	26.2756660560561	0.957549205029849
33.7787246546547	14.6264191646734	NaN	NaN	NaN	26.2774792492493	0.957520005042689
33.7832401901902	14.626425442695	NaN	NaN	NaN	26.2792924424424	0.95749106924087
33.7877557257257	14.6264316565069	NaN	NaN	NaN	26.2811056356356	0.957462395234188
33.7922712612613	14.6264378067656	NaN	NaN	NaN	26.2829188288288	0.957433980654066
33.7967867967968	14.6264438941213	NaN	NaN	NaN	26.284732022022	0.957405823153355
33.8013023323323	14.6264499192172	NaN	NaN	NaN	26.2865452152152	0.957377920406144
33.8058178678679	14.6264558826902	NaN	NaN	NaN	26.2883584084084	0.957350270107564
33.8103334034034	14.6264617851705	NaN	NaN	NaN	26.2901716016016	0.957322869973598
33.8148489389389	14.626467627282	NaN	NaN	NaN	26.2919847947948	0.957295717740897
33.8193644744745	14.626473409642	NaN	NaN	NaN	26.293797987988	0.957268811166585
33.82388001001	14.6264791328616	NaN	NaN	NaN	26.2956111811812	0.957242148028083
33.8283955455455	14.6264847975459	NaN	NaN	NaN	26.2974243743744	0.957215726122916
33.8329110810811	14.6264904042934	NaN	NaN	NaN	26.2992375675676	0.957189543268541
33.8374266166166	14.6264959536966	NaN	NaN	NaN	26.3010507607608	0.957163597302156
33.8419421521522	14.6265014463422	NaN	NaN	NaN	26.302863953954	0.95713788608053
33.8464576876877	14.6265068828106	NaN	NaN	NaN	26.3046771471471	0.957112407479824
33.8509732232232	14.6265122636763	NaN	NaN	NaN	26.3064903403403	0.95708715939541
33.8554887587588	14.6265175895081	NaN	NaN	NaN	26.3083035335335	0.957062139741706
33.8600042942943	14.6265228608689	NaN	NaN	NaN	26.3101167267267	0.957037346451996
33.8645198298298	14.6265280783156	NaN	NaN	NaN	26.3119299199199	0.957012777478265
33.8690353653654	14.6265332423998	NaN	NaN	NaN	26.3137431131131	0.956988430791024
33.8735509009009	14.6265383536673	NaN	NaN	NaN	26.3155563063063	0.95696430437915
33.8780664364364	14.6265434126581	NaN	NaN	NaN	26.3173694994995	0.956940396249711
33.882581971972	14.6265484199071	NaN	NaN	NaN	26.3191826926927	0.956916704427811
33.8870975075075	14.6265533759434	NaN	NaN	NaN	26.3209958858859	0.956893226956416
33.891613043043	14.6265582812907	NaN	NaN	NaN	26.3228090790791	0.956869961896203
33.8961285785786	14.6265631364676	NaN	NaN	NaN	26.3246222722723	0.956846907325393
33.9006441141141	14.6265679419871	NaN	NaN	NaN	26.3264354654655	0.956824061339593
33.9051596496496	14.6265726983571	NaN	NaN	NaN	26.3282486586587	0.956801422051643
33.9096751851852	14.6265774060804	NaN	NaN	NaN	26.3300618518519	0.956778987591453
33.9141907207207	14.6265820656544	NaN	NaN	NaN	26.331875045045	0.956756756105856
33.9187062562563	14.6265866775717	NaN	NaN	NaN	26.3336882382382	0.956734725758451
33.9232217917918	14.6265912423195	NaN	NaN	NaN	26.3355014314314	0.956712894729448
33.9277373273273	14.6265957603805	NaN	NaN	NaN	26.3373146246246	0.956691261215527
33.9322528628629	14.626600232232	NaN	NaN	NaN	26.3391278178178	0.95666982342968
33.9367683983984	14.6266046583467	NaN	NaN	NaN	26.340941011011	0.956648579601067
33.9412839339339	14.6266090391924	NaN	NaN	NaN	26.3427542042042	0.95662752797487
33.9457994694695	14.626613375232	NaN	NaN	NaN	26.3445673973974	0.956606666812149
33.950315005005	14.6266176669239	NaN	NaN	NaN	26.3463805905906	0.956585994389695
33.9548305405405	14.6266219147216	NaN	NaN	NaN	26.3481937837838	0.95656550899989
33.9593460760761	14.626626119074	NaN	NaN	NaN	26.350006976977	0.956545208950567
33.9638616116116	14.6266302804256	NaN	NaN	NaN	26.3518201701702	0.956525092564867
33.9683771471471	14.626634399216	NaN	NaN	NaN	26.3536333633634	0.956505158181104
33.9728926826827	14.6266384758806	NaN	NaN	NaN	26.3554465565566	0.956485404152624
33.9774082182182	14.6266425108503	NaN	NaN	NaN	26.3572597497498	0.956465828847672
33.9819237537537	14.6266465045514	NaN	NaN	NaN	26.3590729429429	0.956446430649257
33.9864392892893	14.6266504574061	NaN	NaN	NaN	26.3608861361361	0.956427207955018
33.9909548248248	14.6266543698322	NaN	NaN	NaN	26.3626993293293	0.956408159177088
33.9954703603604	14.6266582422431	NaN	NaN	NaN	26.3645125225225	0.95638928274197
33.9999858958959	14.6266620750481	NaN	NaN	NaN	26.3663257157157	0.9563705770904
34.0045014314314	14.6266658686523	NaN	NaN	NaN	26.3681389089089	0.956352040677225
34.009016966967	14.6266696234565	NaN	NaN	NaN	26.3699521021021	0.956333671971268
34.0135325025025	14.6266733398578	NaN	NaN	NaN	26.3717652952953	0.956315469455207
34.018048038038	14.6266770182487	NaN	NaN	NaN	26.3735784884885	0.956297431625449
34.0225635735736	14.6266806590181	NaN	NaN	NaN	26.3753916816817	0.956279556992001
34.0270791091091	14.6266842625508	NaN	NaN	NaN	26.3772048748749	0.956261844078355
34.0315946446446	14.6266878292275	NaN	NaN	NaN	26.3790180680681	0.956244291421359
34.0361101801802	14.6266913594254	NaN	NaN	NaN	26.3808312612613	0.956226897571099
34.0406257157157	14.6266948535173	NaN	NaN	NaN	26.3826444544545	0.95620966109078
34.0451412512513	14.6266983118727	NaN	NaN	NaN	26.3844576476476	0.956192580556606
34.0496567867868	14.6267017348571	NaN	NaN	NaN	26.3862708408408	0.956175654557662
34.0541723223223	14.6267051228321	NaN	NaN	NaN	26.388084034034	0.956158881695799
34.0586878578579	14.6267084761559	NaN	NaN	NaN	26.3898972272272	0.956142260585517
34.0632033933934	14.6267117951829	NaN	NaN	NaN	26.3917104204204	0.956125789853851
34.0677189289289	14.6267150802639	NaN	NaN	NaN	26.3935236136136	0.95610946814026
34.0722344644645	14.6267183317459	NaN	NaN	NaN	26.3953368068068	0.95609329409651
34.07675	14.6267215499728	NaN	NaN	NaN	26.39715	0.956077266386566
