-149.94	-0.344812	0	0	0.291919	7.6045E-131	0	0	0.291919
-148.601	-0.375909	0	0	0.291919	3.30109E-130	0	0	0.291919
-147.261	-0.306604	0	0	0.291919	1.42738E-129	0	0	0.291919
-145.922	-0.367487	0	0	0.291919	6.1478E-129	0	0	0.291919
-144.583	-0.310815	0	0	0.291919	2.63753E-128	0	0	0.291919
-143.245	-0.349359	0	0	0.291919	1.12713E-127	0	0	0.291919
-141.906	-0.272607	0	0	0.291919	4.7979E-127	0	0	0.291919
-140.568	-0.375253	0	0	0.291919	2.03437E-126	0	0	0.291919
-139.23	-0.28103	0	0	0.291919	8.59229E-126	0	0	0.291919
-137.893	-0.372995	0	0	0.291919	3.61486E-125	0	0	0.291919
-136.556	-0.308221	0	0	0.291919	1.51488E-124	0	0	0.291919
-135.219	-0.364252	0	0	0.291919	6.32371E-124	0	0	0.291919
-133.882	-0.30726	0	0	0.291919	2.62948E-123	0	0	0.291919
-132.546	-0.346765	0	0	0.291919	1.08912E-122	0	0	0.291919
-131.21	-0.284586	0	0	0.291919	4.49355E-122	0	0	0.291919
-129.874	-0.334451	0	0	0.291919	1.84677E-121	0	0	0.291919
-128.539	-0.271951	0	0	0.291919	7.56043E-121	0	0	0.291919
-127.204	-0.35032	0	0	0.291919	3.08312E-120	0	0	0.291919
-125.869	-0.30726	0	0	0.291919	1.25241E-119	0	0	0.291919
-124.534	-0.335428	0	0	0.291919	5.06778E-119	0	0	0.291919
-123.2	-0.286859	0	0	0.291919	2.04269E-118	0	0	0.291919
-121.866	-0.358743	0	0	0.291919	8.20166E-118	0	0	0.291919
-120.532	-0.297861	0	0	0.291919	3.28033E-117	0	0	0.291919
-119.198	-0.37655	0	0	0.291919	1.30692E-116	0	0	0.291919
-117.865	-0.325067	0	0	0.291919	5.18683E-116	0	0	0.291919
-116.532	-0.338983	0	0	0.291919	2.05056E-115	0	0	0.291919
-115.199	-0.326685	0	0	0.291919	8.07539E-115	0	0	0.291919
-113.867	-0.355508	0	0	0.291919	3.16793E-114	0	0	0.291919
-112.535	-0.317621	0	0	0.291919	1.23797E-113	0	0	0.291919
-111.203	-0.373956	0	0	0.291919	4.81913E-113	0	0	0.291919
-109.872	-0.320215	0	0	0.291919	1.86875E-112	0	0	0.291919
-108.54	-0.372339	0	0	0.291919	7.21868E-112	0	0	0.291919
-107.209	-0.284586	0	0	0.291919	2.77774E-111	0	0	0.291919
-105.879	-0.383035	0	0	0.291919	1.06476E-110	0	0	0.291919
-104.548	-0.302713	0	0	0.291919	4.06577E-110	0	0	0.291919
-103.218	-0.368127	0	0	0.291919	1.54654E-109	0	0	0.291919
-101.888	-0.312112	0	0	0.291919	5.86018E-109	0	0	0.291919
-100.559	-0.366846	0	0	0.291919	2.21203E-108	0	0	0.291919
-99.2295	-0.26774	0	0	0.291919	8.31773E-108	0	0	0.291919
-97.9005	-0.348062	0	0	0.291919	3.11567E-107	0	0	0.291919
-96.5718	-0.278757	0	0	0.291919	1.1626E-106	0	0	0.291919
-95.2434	-0.365213	0	0	0.291919	4.32163E-106	0	0	0.291919
-93.9152	-0.299799	0	0	0.291919	1.6003E-105	0	0	0.291919
-92.5874	-0.35972	0	0	0.291919	5.90323E-105	0	0	0.291919
-91.2598	-0.275842	0	0	0.291919	2.16929E-104	0	0	0.291919
-89.9325	-0.362955	0	0	0.291919	7.94119E-104	0	0	0.291919
-88.6054	-0.308878	0	0	0.291919	2.89597E-103	0	0	0.291919
-87.2787	-0.354852	0	0	0.291919	1.05207E-102	0	0	0.291919
-85.9522	-0.293329	0	0	0.291919	3.80745E-102	0	0	0.291919
-84.626	-0.359384	0	0	0.291919	1.37268E-101	0	0	0.291919
-83.3001	-0.301431	0	0	0.291919	4.93002E-101	0	0	0.291919
-81.9745	-0.367807	0	0	0.291919	1.7639E-100	0	0	0.291919
-80.6491	-0.2875	0	0	0.291919	6.28701E-100	0	0	0.291919
-79.3241	-0.381418	0	0	0.291919	2.23235E-99	0	0	0.291919
-77.9993	-0.294305	0	0	0.291919	7.8964E-99	0	0	0.291919
-76.6748	-0.371378	0	0	0.291919	2.78256E-98	0	0	0.291919
-75.3506	-0.312112	0	0	0.291919	9.76812E-98	0	0	0.291919
-74.0266	-0.346109	0	0	0.291919	3.41609E-97	0	0	0.291919
-72.703	-0.29754	0	0	0.291919	1.19014E-96	0	0	0.291919
-71.3796	-0.363275	0	0	0.291919	4.13068E-96	0	0	0.291919
-70.0565	-0.308221	0	0	0.291919	1.42823E-95	0	0	0.291919
-68.7337	-0.395334	0	0	0.291919	4.91963E-95	0	0	0.291919
-67.4111	-0.303049	0	0	0.291919	1.68819E-94	0	0	0.291919
-66.0889	-0.365869	0	0	0.291919	5.77122E-94	0	0	0.291919
-64.7669	-0.311456	0	0	0.291919	1.9655E-93	0	0	0.291919
-63.4452	-0.346445	0	0	0.291919	6.66862E-93	0	0	0.291919
-62.1238	-0.336725	0	0	0.291919	2.25403E-92	0	0	0.291919
-60.8026	-0.386591	0	0	0.291919	7.59006E-92	0	0	0.291919
-59.4818	-0.336725	0	0	0.291919	2.5462E-91	0	0	0.291919
-58.1612	-0.395013	0	0	0.291919	8.50949E-91	0	0	0.291919
-56.8409	-0.304987	0	0	0.291919	2.83321E-90	0	0	0.291919
-55.5209	-0.377206	0	0	0.291919	9.39763E-90	0	0	0.291919
-54.2011	-0.345789	0	0	0.291919	3.10545E-89	0	0	0.291919
-52.8817	-0.368463	0	0	0.291919	1.02235E-88	0	0	0.291919
-51.5625	-0.300134	0	0	0.291919	3.35305E-88	0	0	0.291919
-50.2436	-0.394693	0	0	0.291919	1.0956E-87	0	0	0.291919
-48.925	-0.319238	0	0	0.291919	3.56641E-87	0	0	0.291919
-47.6066	-0.335107	0	0	0.291919	1.1566E-86	0	0	0.291919
-46.2886	-0.291055	0	0	0.291919	3.73687E-86	0	0	0.291919
-44.9708	-0.367166	0	0	0.291919	1.20283E-85	0	0	0.291919
-43.6533	-0.327325	0	0	0.291919	3.85723E-85	0	0	0.291919
-42.3361	-0.372018	0	0	0.291919	1.23232E-84	0	0	0.291919
-41.0191	-0.302393	0	0	0.291919	3.92233E-84	0	0	0.291919
-39.7025	-0.349359	0	0	0.291919	1.24378E-83	0	0	0.291919
-38.3861	-0.322794	0	0	0.291919	3.92935E-83	0	0	0.291919
-37.07	-0.379465	0	0	0.291919	1.23674E-82	0	0	0.291919
-35.7541	-0.326364	0	0	0.291919	3.87805E-82	0	0	0.291919
-34.4386	-0.407648	0	0	0.291919	1.21152E-81	0	0	0.291919
-33.1233	-0.304666	0	0	0.291919	3.77077E-81	0	0	0.291919
-31.8083	-0.335107	0	0	0.291919	1.16926E-80	0	0	0.291919
-30.4936	-0.317285	0	0	0.291919	3.61225E-80	0	0	0.291919
-29.1792	-0.341577	0	0	0.291919	1.1118E-79	0	0	0.291919
-27.865	-0.327982	0	0	0.291919	3.40929E-79	0	0	0.291919
-26.5511	-0.361978	0	0	0.291919	1.04157E-78	0	0	0.291919
-25.2376	-0.302393	0	0	0.291919	3.17029E-78	0	0	0.291919
-23.9242	-0.353891	0	0	0.291919	9.61388E-78	0	0	0.291919
-22.6112	-0.30726	0	0	0.291919	2.90461E-77	0	0	0.291919
-21.2984	-0.394373	0	0	0.291919	8.74317E-77	0	0	0.291919
-19.986	-0.297861	0	0	0.291919	2.62205E-76	0	0	0.291919
-18.6738	-0.381418	0	0	0.291919	7.8344E-76	0	0	0.291919
-17.3618	-0.312433	0	0	0.291919	2.33219E-75	0	0	0.291919
-16.0502	-0.393076	0	0	0.291919	6.91699E-75	0	0	0.291919
-14.7388	-0.324747	0	0	0.291919	2.04393E-74	0	0	0.291919
-13.4277	-0.357446	0	0	0.291919	6.01743E-74	0	0	0.291919
-12.1169	-0.28718	0	0	0.291919	1.76504E-73	0	0	0.291919
-10.8064	-0.368784	0	0	0.291919	5.15816E-73	0	0	0.291919
-9.49612	-0.327005	0	0	0.291919	1.50188E-72	0	0	0.291919
-8.18615	-0.359384	0	0	0.291919	4.3569E-72	0	0	0.291919
-6.87645	-0.331537	0	0	0.291919	1.25927E-71	0	0	0.291919
-5.56703	-0.367166	0	0	0.291919	3.62631E-71	0	0	0.291919
-4.25788	-0.272607	0	0	0.291919	1.04043E-70	0	0	0.291919
-2.94902	-0.311136	0	0	0.291919	2.97418E-70	0	0	0.291919
-1.64043	0.481924	0	0	0.291919	8.47081E-70	0	0	0.291919
-0.332125	6.57682	0	0	0.291919	2.40375E-69	0	0	0.291919
0.975906	10.4288	0	0	0.291919	6.79612E-69	0	0	0.291919
2.28366	4.35952	0	0	0.291919	1.91444E-68	0	0	0.291919
3.59113	-0.159906	0	0	0.291919	5.37317E-68	0	0	0.291919
4.89833	-0.340936	0	0	0.291919	1.50255E-67	0	0	0.291919
6.20525	-0.278116	0	0	0.291919	4.1864E-67	0	0	0.291919
7.5119	-0.366846	0	0	0.291919	1.16215E-66	0	0	0.291919
8.81826	-0.29397	0	0	0.291919	3.21439E-66	0	0	0.291919
10.1243	-0.344492	0	0	0.291919	8.85827E-66	0	0	0.291919
11.4302	-0.305963	0	0	0.291919	2.43228E-65	0	0	0.291919
12.7357	-0.357446	0	0	0.291919	6.65418E-65	0	0	0.291919
14.0409	-0.276819	0	0	0.291919	1.81381E-64	0	0	0.291919
15.3459	-0.378503	0	0	0.291919	4.92616E-64	0	0	0.291919
16.6506	-0.315027	0	0	0.291919	1.33304E-63	0	0	0.291919
17.955	-0.367807	0	0	0.291919	3.59416E-63	0	0	0.291919
19.2592	-0.279398	0	0	0.291919	9.65545E-63	0	0	0.291919
20.5631	-0.368784	0	0	0.291919	2.58446E-62	0	0	0.291919
21.8667	-0.2875	0	0	0.291919	6.8927E-62	0	0	0.291919
23.17	-0.378168	0	0	0.291919	1.83161E-61	0	0	0.291919
24.473	-0.338022	0	0	0.291919	4.84954E-61	0	0	0.291919
25.7758	-0.364893	0	0	0.291919	1.27937E-60	0	0	0.291919
27.0783	-0.283945	0	0	0.291919	3.36291E-60	0	0	0.291919
28.3805	-0.354852	0	0	0.291919	8.8077E-60	0	0	0.291919
29.6824	-0.325388	0	0	0.291919	2.29847E-59	0	0	0.291919
30.984	-0.387888	0	0	0.291919	5.97647E-59	0	0	0.291919
32.2854	-0.314706	0	0	0.291919	1.54839E-58	0	0	0.291919
33.5865	-0.371042	0	0	0.291919	3.99713E-58	0	0	0.291919
34.8873	-0.298837	0	0	0.291919	1.02813E-57	0	0	0.291919
36.1879	-0.39274	0	0	0.291919	2.63501E-57	0	0	0.291919
37.4882	-0.294946	0	0	0.291919	6.72899E-57	0	0	0.291919
38.7882	-0.344492	0	0	0.291919	1.71219E-56	0	0	0.291919
40.0879	-0.292352	0	0	0.291919	4.34102E-56	0	0	0.291919
41.3873	-0.367166	0	0	0.291919	1.09665E-55	0	0	0.291919
42.6865	-0.296243	0	0	0.291919	2.76046E-55	0	0	0.291919
43.9854	-0.350977	0	0	0.291919	6.92364E-55	0	0	0.291919
45.284	-0.284906	0	0	0.291919	1.73033E-54	0	0	0.291919
46.5823	-0.269373	0	0	0.291919	4.30886E-54	0	0	0.291919
47.8804	-0.110361	0	0	0.291919	1.06915E-53	0	0	0.291919
49.1782	0.0162567	0	0	0.291919	2.64337E-53	0	0	0.291919
50.4757	0.259131	0	0	0.291919	6.51208E-53	0	0	0.291919
51.7729	0.242621	0	0	0.291919	1.59855E-52	0	0	0.291919
53.0699	0.252661	0	0	0.291919	3.91004E-52	0	0	0.291919
54.3665	0.178168	0	0	0.291919	9.52973E-52	0	0	0.291919
55.6629	0.21897	0	0	0.291919	2.31435E-51	0	0	0.291919
56.9591	0.235495	0	0	0.291919	5.60047E-51	0	0	0.291919
58.2549	0.344946	0	0	0.291919	1.35042E-50	0	0	0.291919
59.5505	0.303824	0	0	0.291919	3.24464E-50	0	0	0.291919
60.8458	0.411658	0	0	0.291919	7.76809E-50	0	0	0.291919
62.1408	0.343329	0	0	0.291919	1.85316E-49	0	0	0.291919
63.4356	0.414893	0	0	0.291919	4.40522E-49	0	0	0.291919
64.7301	0.346243	0	0	0.291919	1.04346E-48	0	0	0.291919
66.0243	0.432715	0	0	0.291919	2.46285E-48	0	0	0.291919
67.3182	0.320013	0	0	0.291919	5.79238E-48	0	0	0.291919
68.6118	0.354987	0	0	0.291919	1.35748E-47	0	0	0.291919
69.9052	0.30123	0	0	0.291919	3.17006E-47	0	0	0.291919
71.1983	0.361456	0	0	0.291919	7.37668E-47	0	0	0.291919
72.4911	0.291846	0	0	0.291919	1.71046E-46	0	0	0.291919
73.7837	0.297995	0	0	0.291919	3.9521E-46	0	0	0.291919
75.0759	0.263022	0	0	0.291919	9.09923E-46	0	0	0.291919
76.3679	0.328116	0	0	0.291919	2.08758E-45	0	0	0.291919
77.6597	0.232901	0	0	0.291919	4.7725E-45	0	0	0.291919
78.9511	0.236136	0	0	0.291919	1.08721E-44	0	0	0.291919
80.2423	0.220267	0	0	0.291919	2.46801E-44	0	0	0.291919
81.5332	0.260428	0	0	0.291919	5.58272E-44	0	0	0.291919
82.8238	0.206992	0	0	0.291919	1.25838E-43	0	0	0.291919
84.1141	0.259131	0	0	0.291919	2.8265E-43	0	0	0.291919
85.4042	0.211523	0	0	0.291919	6.32636E-43	0	0	0.291919
86.694	0.246176	0	0	0.291919	1.41101E-42	0	0	0.291919
87.9835	0.16976	0	0	0.291919	3.136E-42	0	0	0.291919
89.2728	0.250067	0	0	0.291919	6.94537E-42	0	0	0.291919
90.5618	0.165549	0	0	0.291919	1.53281E-41	0	0	0.291919
91.8504	0.244559	0	0	0.291919	3.37096E-41	0	0	0.291919
93.1389	0.200201	0	0	0.291919	7.38747E-41	0	0	0.291919
94.427	0.264319	0	0	0.291919	1.61329E-40	0	0	0.291919
95.7149	0.170401	0	0	0.291919	3.51081E-40	0	0	0.291919
97.0025	0.228049	0	0	0.291919	7.61342E-40	0	0	0.291919
98.2898	0.175589	0	0	0.291919	1.64525E-39	0	0	0.291919
99.5769	0.285681	0	0	0.291919	3.54292E-39	0	0	0.291919
100.864	0.175909	0	0	0.291919	7.6028E-39	0	0	0.291919
102.15	0.242941	0	0	0.291919	1.6258E-38	0	0	0.291919
103.436	0.207968	0	0	0.291919	3.46452E-38	0	0	0.291919
104.722	0.266577	0	0	0.291919	7.35702E-38	0	0	0.291919
106.008	0.197287	0	0	0.291919	1.55685E-37	0	0	0.291919
107.293	0.293127	0	0	0.291919	3.28303E-37	0	0	0.291919
108.579	0.22222	0	0	0.291919	6.89907E-37	0	0	0.291919
109.863	0.280829	0	0	0.291919	1.44475E-36	0	0	0.291919
111.148	0.219305	0	0	0.291919	3.01498E-36	0	0	0.291919
112.432	0.326819	0	0	0.291919	6.26996E-36	0	0	0.291919
113.716	0.189505	0	0	0.291919	1.29938E-35	0	0	0.291919
115	0.257834	0	0	0.291919	2.68347E-35	0	0	0.291919
116.284	0.252005	0	0	0.291919	5.52267E-35	0	0	0.291919
117.567	0.31127	0	0	0.291919	1.13265E-34	0	0	0.291919
118.85	0.225775	0	0	0.291919	2.31492E-34	0	0	0.291919
120.132	0.289572	0	0	0.291919	4.71487E-34	0	0	0.291919
121.415	0.190482	0	0	0.291919	9.56974E-34	0	0	0.291919
122.697	0.310629	0	0	0.291919	1.93565E-33	0	0	0.291919
123.979	0.267554	0	0	0.291919	3.90168E-33	0	0	0.291919
125.26	0.286658	0	0	0.291919	7.83744E-33	0	0	0.291919
126.542	0.243262	0	0	0.291919	1.56891E-32	0	0	0.291919
127.823	0.282446	0	0	0.291919	3.12982E-32	0	0	0.291919
129.103	0.293463	0	0	0.291919	6.22219E-32	0	1.97626e-323	0.291919
130.384	0.319693	0	0	0.291919	1.23273E-31	0	8.55722e-321	0.291919
131.664	0.216711	0	0	0.291919	2.43388E-31	0	3.05291e-318	0.291919
132.944	0.32099	0	0	0.291919	4.78885E-31	0	1.0621e-315	0.291919
134.224	0.260748	0	0	0.291919	9.39009E-31	0	3.60461e-313	0.291919
135.503	0.295081	0	0	0.291919	1.8349E-30	0	1.19343e-310	0.291919
136.782	0.281149	0	0	0.291919	3.57326E-30	0	3.85466e-308	0.291919
138.061	0.352393	0	0	0.291919	6.93462E-30	0	1.2146E-305	0.291919
139.34	0.263983	0	0	0.291919	1.34119E-29	0	3.73379E-303	0.291919
140.618	0.368918	0	0	0.291919	2.58504E-29	0	1.11979E-300	0.291919
141.896	0.273703	0	0	0.291919	4.9654E-29	0	3.27645E-298	0.291919
143.174	0.369238	0	0	0.291919	9.50502E-29	0	9.3531E-296	0.291919
144.451	0.329398	0	0	0.291919	1.81328E-28	0	2.60495E-293	0.291919
145.728	0.359518	0	0	0.291919	3.44738E-28	0	7.07852E-291	0.291919
147.005	0.27468	0	0	0.291919	6.53172E-28	0	1.87668E-288	0.291919
148.282	0.331992	0	0	0.291919	1.23334E-27	0	4.85458E-286	0.291919
149.558	0.287955	0	0	0.291919	2.32087E-27	0	1.22527E-283	0.291919
150.835	0.359198	0	0	0.291919	4.35249E-27	0	3.01741E-281	0.291919
152.11	0.315802	0	0	0.291919	8.13472E-27	0	7.25055E-279	0.291919
153.386	0.378622	0	0	0.291919	1.51519E-26	0	1.69999E-276	0.291919
154.661	0.317419	0	0	0.291919	2.81261E-26	0	3.88925E-274	0.291919
155.936	0.328436	0	0	0.291919	5.20324E-26	0	8.68234E-272	0.291919
157.211	0.293784	0	0	0.291919	9.59311E-26	0	1.89132E-269	0.291919
158.486	0.356924	0	0	0.291919	1.76265E-25	0	4.02032E-267	0.291919
159.76	0.297339	0	0	0.291919	3.22774E-25	0	8.33922E-265	0.291919
161.034	0.361792	0	0	0.291919	5.89053E-25	0	1.68799E-262	0.291919
162.307	0.295721	0	0	0.291919	1.07136E-24	0	3.33424E-260	0.291919
163.581	0.324225	0	0	0.291919	1.94197E-24	0	6.42711E-258	0.291919
164.854	0.264319	0	0	0.291919	3.50815E-24	0	1.20902E-255	0.291919
166.127	0.355963	0	0	0.291919	6.31597E-24	0	2.21949E-253	0.291919
167.399	0.320654	0	0	0.291919	1.13327E-23	0	3.97635E-251	0.291919
168.672	0.370856	0	0	0.291919	2.02653E-23	0	6.95237E-249	0.291919
169.944	0.283743	0	0	0.291919	3.61164E-23	0	1.18633E-246	0.291919
171.215	0.33782	0	0	0.291919	6.41488E-23	0	1.97564E-244	0.291919
172.487	0.272726	0	0	0.291919	1.13555E-22	0	3.21106E-242	0.291919
173.758	0.351752	0	0	0.291919	2.00334E-22	0	5.09368E-240	0.291919
175.029	0.306738	0	0	0.291919	3.5224E-22	0	7.88615E-238	0.291919
176.3	0.389319	0	0	0.291919	6.17247E-22	0	1.19167E-235	0.291919
177.57	0.361792	0	0	0.291919	1.07799E-21	0	1.75755E-233	0.291919
178.84	0.436911	0	0	0.291919	1.87632E-21	0	2.53006E-231	0.291919
180.11	0.344305	0	0	0.291919	3.25491E-21	0	3.55492E-229	0.291919
181.38	0.391898	0	0	0.291919	5.62742E-21	0	4.87541E-227	0.291919
182.649	0.322607	0	0	0.291919	9.69659E-21	0	6.52652E-225	0.291919
183.918	0.407126	0	0	0.291919	1.66521E-20	0	8.52802E-223	0.291919
185.187	0.367285	0	0	0.291919	2.85012E-20	0	1.08772E-220	0.291919
186.455	0.420081	0	0	0.291919	4.86181E-20	0	1.35424E-218	0.291919
187.724	0.334265	0	0	0.291919	8.26564E-20	0	1.64584E-216	0.291919
188.992	0.384787	0	0	0.291919	1.40055E-19	0	1.95255E-214	0.291919
190.259	0.343008	0	0	0.291919	2.3652E-19	0	2.26123E-212	0.291919
191.527	0.40032	0	0	0.291919	3.98092E-19	0	2.55636E-210	0.291919
192.794	0.311591	0	0	0.291919	6.67799E-19	0	2.82125E-208	0.291919
194.061	0.372794	0	0	0.291919	1.11649E-18	0	3.03955E-206	0.291919
195.327	0.304144	0	0	0.291919	1.86044E-18	0	3.19691E-204	0.291919
196.594	0.39353	0	0	0.291919	3.08976E-18	0	3.28256E-202	0.291919
197.86	0.293127	0	0	0.291919	5.11428E-18	0	3.2905E-200	0.291919
199.126	0.334586	0	0	0.291919	8.43717E-18	0	3.22021E-198	0.291919
200.391	0.30123	0	0	0.291919	1.38727E-17	0	3.07672E-196	0.291919
201.656	0.377982	0	0	0.291919	2.27342E-17	0	2.86998E-194	0.291919
202.921	0.309973	0	0	0.291919	3.71323E-17	0	2.61374E-192	0.291919
204.186	0.352072	0	0	0.291919	6.04477E-17	0	2.32405E-190	0.291919
205.451	0.301871	0	0	0.291919	9.80762E-17	0	2.0176E-188	0.291919
206.715	0.360815	0	0	0.291919	1.58601E-16	0	1.71016E-186	0.291919
207.979	0.272406	0	0	0.291919	2.55626E-16	0	1.41533E-184	0.291919
209.242	0.402594	0	0	0.291919	4.10641E-16	0	1.14368E-182	0.291919
210.506	0.318396	0	0	0.291919	6.57477E-16	0	9.02366E-181	0.291919
211.769	0.348837	0	0	0.291919	1.0492E-15	0	6.95184E-179	0.291919
213.032	0.313864	0	0	0.291919	1.66879E-15	0	5.22953E-177	0.291919
214.294	0.367285	0	0	0.291919	2.64548E-15	0	3.84128E-175	0.291919
215.556	0.28504	0	0	0.291919	4.17995E-15	0	2.75517E-173	0.291919
216.818	0.380576	0	0	0.291919	6.58267E-15	0	1.92967E-171	0.291919
218.08	0.332312	0	0	0.291919	1.03323E-14	0	1.31975E-169	0.291919
219.342	0.378302	0	0	0.291919	1.61645E-14	0	8.81403E-168	0.291919
220.603	0.312247	0	0	0.291919	2.52053E-14	0	5.74833E-166	0.291919
221.864	0.425589	0	0	0.291919	3.91732E-14	0	3.661E-164	0.291919
223.124	0.346564	0	0	0.291919	6.06814E-14	0	2.27695E-162	0.291919
224.385	0.39353	0	0	0.291919	9.36898E-14	0	1.38296E-160	0.291919
225.645	0.311591	0	0	0.291919	1.44178E-13	0	8.2031E-159	0.291919
226.905	0.365668	0	0	0.291919	2.21146E-13	0	4.75182E-157	0.291919
228.164	0.384131	0	0	0.291919	3.38088E-13	0	2.68822E-155	0.291919
229.424	0.430762	0	0	0.291919	5.15174E-13	0	1.48525E-153	0.291919
230.683	0.372794	0	0	0.291919	7.82444E-13	0	8.01432E-152	0.291919
231.942	0.393195	0	0	0.291919	1.18448E-12	0	4.22354E-150	0.291919
233.2	0.323904	0	0	0.291919	1.78722E-12	0	2.17388E-148	0.291919
234.458	0.41004	0	0	0.291919	2.68785E-12	0	1.09282E-146	0.291919
235.716	0.308035	0	0	0.291919	4.02912E-12	0	5.36562E-145	0.291919
236.974	0.382513	0	0	0.291919	6.01997E-12	0	2.57312E-143	0.291919
238.231	0.285681	0	0	0.291919	8.96516E-12	0	1.20524E-141	0.291919
239.489	0.392874	0	0	0.291919	1.33077E-11	0	5.514E-140	0.291919
240.745	0.359198	0	0	0.291919	1.96892E-11	0	2.46404E-138	0.291919
242.002	0.379599	0	0	0.291919	2.90359E-11	0	1.07552E-136	0.291919
243.258	0.324545	0	0	0.291919	4.26802E-11	0	4.58555E-135	0.291919
244.514	0.40647	0	0	0.291919	6.2532E-11	0	1.90972E-133	0.291919
245.77	0.316458	0	0	0.291919	9.13193E-11	0	7.76887E-132	0.291919
247.026	0.393851	0	0	0.291919	1.32926E-10	0	3.0872E-130	0.291919
248.281	0.315802	0	0	0.291919	1.9286E-10	0	1.19839E-128	0.291919
249.536	0.375708	0	0	0.291919	2.78909E-10	0	4.54423E-127	0.291919
250.791	0.287299	0	0	0.291919	4.02043E-10	0	1.6833E-125	0.291919
252.045	0.395148	0	0	0.291919	5.77659E-10	0	6.09123E-124	0.291919
253.3	0.354346	0	0	0.291919	8.27296E-10	0	2.15327E-122	0.291919
254.553	0.360815	0	0	0.291919	1.18098E-9	0	7.43619E-121	0.291919
255.807	0.322287	0	0	0.291919	1.68041E-9	0	2.50879E-119	0.291919
257.06	0.3375	0	0	0.291919	2.38331E-9	0	8.26889E-118	0.291919
258.314	0.338141	0	0	0.291919	3.3693E-9	0	2.6626E-116	0.291919
259.566	0.407767	0	0	0.291919	4.74782E-9	0	8.37618E-115	0.291919
260.819	0.296378	0	0	0.291919	6.66875E-9	0	2.57439E-113	0.291919
262.071	0.360495	0	0	0.291919	9.33666E-9	0	7.73034E-112	0.291919
263.323	0.328116	0	0	0.291919	1.30297E-8	0	2.26789E-110	0.291919
264.575	0.408423	0	0	0.291919	1.8125E-8	0	6.50062E-109	0.291919
265.827	0.334906	0	0	0.291919	2.51316E-8	0	1.82054E-107	0.291919
267.078	0.366003	0	0	0.291919	3.47346E-8	0	4.98156E-106	0.291919
268.329	0.292487	0	0	0.291919	4.78526E-8	0	1.33186E-104	0.291919
269.58	0.382513	0	0	0.291919	6.57129E-8	0	3.47922E-103	0.291919
270.83	0.319373	0	0	0.291919	8.99495E-8	0	8.88065E-102	0.291919
272.08	0.365027	0	0	0.291919	1.2273E-7	0	2.2149E-100	0.291919
273.33	0.321631	0	0	0.291919	1.66919E-7	0	5.39777E-99	0.291919
274.58	0.367621	0	0	0.291919	2.26291E-7	4.46141e-320	1.28538E-97	0.291919
275.829	0.342688	0	0	0.291919	3.05799E-7	1.06954e-312	2.99099E-96	0.291919
277.078	0.386725	0	0	0.291919	4.11919E-7	2.09405E-305	6.80093E-95	0.291919
278.327	0.33782	0	0	0.291919	5.53089E-7	3.34909E-298	1.51112E-93	0.29192
279.576	0.407446	0	0	0.291919	7.40265E-7	4.37593E-291	3.28104E-92	0.29192
280.824	0.357901	0	0	0.291919	9.87618E-7	4.6717E-284	6.96169E-91	0.29192
282.072	0.447287	0	0	0.291919	1.31342E-6	4.07564E-277	1.44349E-89	0.29192
283.32	0.345602	0	0	0.291919	1.74111E-6	2.90595E-270	2.92492E-88	0.291921
284.567	0.41004	0	0	0.291919	2.30072E-6	1.69359E-263	5.79193E-87	0.291921
285.815	0.375388	0	0	0.291919	3.0305E-6	8.06883E-257	1.12085E-85	0.291922
287.062	0.450522	0	0	0.291919	3.97904E-6	3.14306E-250	2.11979E-84	0.291923
288.308	0.403235	0	0	0.291919	5.20785E-6	1.00113E-243	3.91801E-83	0.291924
289.555	0.429785	0	0	0.291919	6.79445E-6	2.60781E-237	7.07736E-82	0.291926
290.801	0.378302	0	0	0.291919	8.83624E-6	5.55606E-231	1.24944E-80	0.291928
292.047	0.431418	0	0	0.291919	1.14551E-5	9.68323E-225	2.1558E-79	0.291931
293.292	0.373129	0	0	0.291919	1.48029E-5	1.38067E-218	3.63541E-78	0.291934
294.538	0.461203	0	0	0.291919	1.90685E-5	1.61076E-212	5.99179E-77	0.291938
295.783	0.411978	0	0	0.291919	2.44853E-5	1.5378E-206	9.65217E-76	0.291944
297.028	0.446631	0	0	0.291919	3.13412E-5	1.20158E-200	1.51972E-74	0.29195
298.272	0.437567	0	0	0.291919	3.99897E-5	7.68499E-195	2.33874E-73	0.291959
299.516	0.458945	0	0	0.291919	5.08633E-5	4.02372E-189	3.51789E-72	0.29197
300.76	0.422995	0	0	0.291919	6.44888E-5	1.72489E-183	5.17217E-71	0.291984
302.004	0.566779	0	0	0.291919	8.15058E-5	6.05479E-178	7.43294E-70	0.292001
303.248	0.490668	0	0	0.291919	1.02688E-4	1.74059E-172	1.04412E-68	0.292022
304.491	0.616644	0	0	0.291919	1.28966E-4	4.09835E-167	1.43367E-67	0.292048
305.734	0.516577	0	0	0.291919	1.61458E-4	7.90482E-162	1.92425E-66	0.292081
306.977	0.550909	0	0	0.291919	2.01499E-4	1.24911E-156	2.52463E-65	0.292121
308.219	0.450522	0	0	0.291919	2.50677E-4	1.6173E-151	3.23788E-64	0.29217
309.461	0.494879	0	0	0.291919	3.10875E-4	1.71599E-146	4.05935E-63	0.29223
310.703	0.456992	0	0	0.291919	3.84316E-4	1.49221E-141	4.975E-62	0.292303
311.945	0.500067	0	0	0.291919	4.73612E-4	1.06364E-136	5.96041E-61	0.292393
313.186	0.421698	0	0	0.291919	5.81821E-4	6.21522E-132	6.98091E-60	0.292501
314.427	0.460562	0	0	0.291919	7.12508E-4	2.97767E-127	7.99293E-59	0.292632
315.668	0.35369	0	0	0.291919	8.69811E-4	1.16979E-122	8.94675E-58	0.292789
316.908	0.425253	0	0	0.291919	0.00105851	3.76883E-118	9.79029E-57	0.292978
318.149	0.34722	0	0	0.291919	0.00128411	9.95925E-114	1.04738E-55	0.293203
319.389	0.484518	0	0	0.291919	0.00155291	2.15885E-109	1.09546E-54	0.293472
320.628	0.366965	3.94488e-318	0	0.291919	0.00187209	3.83929E-105	1.12015E-53	0.293791
321.868	0.375708	6.92804e-309	0	0.291919	0.00224981	5.60228E-101	1.11984E-52	0.294169
323.107	0.341391	8.8502E-300	0	0.291919	0.00269529	6.70842E-97	1.09455E-51	0.294614
324.346	0.353049	8.22527E-291	0	0.291919	0.00321889	6.59283E-93	1.04598E-50	0.295138
325.585	0.312888	5.56276E-282	0	0.291919	0.0038322	5.31833E-89	9.77296E-50	0.295751
326.823	0.411978	2.73817E-273	0	0.291919	0.00454812	3.52196E-85	8.92792E-49	0.296467
328.061	0.338477	9.81184E-265	0	0.291919	0.00538094	1.91494E-81	7.97447E-48	0.2973
329.299	0.344305	2.56004E-256	0	0.291919	0.00634643	8.54948E-78	6.96444E-47	0.298265
330.537	0.339438	4.8645E-248	0	0.291919	0.00746182	3.1347E-74	5.94717E-46	0.299381
331.774	0.414893	6.73304E-240	0	0.291919	0.00874594	9.4401E-71	4.9657E-45	0.300665
333.011	0.324866	6.78978E-232	0	0.291919	0.0102191	2.33527E-67	4.05418E-44	0.302138
334.248	0.371497	4.98951E-224	0	0.291919	0.0119034	4.74606E-64	3.23655E-43	0.303822
335.485	0.326483	2.67243E-216	0	0.291919	0.0138221	7.92534E-61	2.52655E-42	0.305741
336.721	0.350455	1.04349E-208	1.88592e-311	0.291919	0.0160002	1.08754E-57	1.9286E-41	0.307919
337.957	0.298315	2.97092E-201	1.10682E-295	0.291919	0.0184641	1.22652E-54	1.43957E-40	0.310383
339.193	0.38996	6.16885E-194	2.51068E-280	0.291919	0.0212414	1.13698E-51	1.05077E-39	0.31316
340.428	0.343008	9.34358E-187	2.20254E-265	0.291919	0.0243606	8.66448E-49	7.50018E-39	0.31628
341.664	0.382193	1.03254E-179	7.47728E-251	0.291919	0.0278513	5.42867E-46	5.23517E-38	0.31977
342.899	0.303168	8.32669E-173	9.8291E-237	0.291919	0.0317437	2.79679E-43	3.57347E-37	0.323663
344.133	0.340414	4.90115E-166	5.00608E-223	0.291919	0.0360681	1.18495E-40	2.38538E-36	0.327987
345.368	0.292166	2.10605E-159	9.88463E-210	0.291919	0.0408549	4.12918E-38	1.55718E-35	0.332774
346.602	0.394812	6.60808E-153	7.57122E-197	0.291919	0.046134	1.18361E-35	9.94125E-35	0.338053
347.836	0.34722	1.51427E-146	2.25101E-184	0.291919	0.0519344	2.79118E-33	6.20681E-34	0.343853
349.069	0.41976	2.53478E-140	2.59932E-172	0.291919	0.0582837	5.41573E-31	3.7899E-33	0.350203
350.303	0.307379	3.10008E-134	1.16647E-160	0.291919	0.0652075	8.64708E-29	2.26321E-32	0.357127
351.536	0.439825	2.7707E-128	2.03558E-149	0.291919	0.072729	1.13626E-26	1.32181E-31	0.364648
352.769	0.376685	1.81E-122	1.38217E-138	0.291919	0.0808682	1.22897E-24	7.55024E-31	0.372787
354.001	0.431082	8.64418E-117	3.65392E-128	0.291919	0.0896416	1.09424E-22	4.21804E-30	0.381561
355.234	0.349478	3.01866E-111	3.76308E-118	0.291919	0.0990611	8.02123E-21	2.30475E-29	0.39098
356.466	0.44631	7.70971E-106	1.5107E-108	0.291919	0.109134	4.84157E-19	1.2317E-28	0.401053
357.698	0.333945	1.44039E-100	2.36552E-99	0.291919	0.119862	2.40658E-17	6.43817E-28	0.411781
358.929	0.453436	1.96893E-95	1.44561E-90	0.291919	0.13124	9.85233E-16	3.29155E-27	0.423159
360.16	0.406805	1.96958E-90	3.44994E-82	0.291919	0.143257	3.32242E-14	1.64599E-26	0.435176
361.391	0.450201	1.4421E-85	3.21718E-74	0.291919	0.155895	9.23002E-13	8.05092E-26	0.447814
362.622	0.385107	7.73013E-81	1.17301E-66	0.291919	0.169128	2.1127E-11	3.85181E-25	0.461047
363.853	0.464117	3.03411E-76	1.67323E-59	0.291919	0.182923	3.98484E-10	1.80256E-24	0.474842
365.083	0.371497	8.72203E-72	9.34323E-53	0.291919	0.197237	6.19413E-9	8.25139E-24	0.489157
366.313	0.55123	1.83667E-67	2.04357E-46	0.291919	0.212022	7.93592E-8	3.69472E-23	0.503941
367.542	0.452139	2.83374E-63	1.75183E-40	0.291919	0.227218	8.38141E-7	1.61831E-22	0.519137
368.772	0.535681	3.20399E-59	5.88941E-35	0.291919	0.242759	7.29783E-6	6.9338E-22	0.534685
370.001	0.516577	2.65527E-55	7.76937E-30	0.291919	0.258571	5.23939E-5	2.90614E-21	0.550543
371.23	0.635107	1.61325E-51	4.02437E-25	0.291919	0.274574	3.10193E-4	1.19153E-20	0.566803
372.458	0.653891	7.18716E-48	8.18972E-21	0.291919	0.290678	0.00151461	4.77907E-20	0.584111
373.687	0.730627	2.34833E-44	6.55181E-17	0.291919	0.306789	0.00610021	1.87515E-19	0.604808
374.915	0.664572	5.62856E-41	2.06175E-13	0.291919	0.322807	0.0202681	7.19761E-19	0.634994
376.143	0.771445	9.89819E-38	2.5536E-10	0.291919	0.338628	0.05556	2.70276E-18	0.686107
377.37	0.788596	1.27739E-34	1.24558E-7	0.291919	0.354144	0.125674	9.9289E-18	0.771737
378.597	0.92655	1.20999E-31	2.3942E-5	0.291919	0.369246	0.234594	3.5684E-17	0.895783
379.824	0.90032	8.41439E-29	0.00181456	0.291919	0.383823	0.361435	1.25467E-16	1.03899
381.051	1.22707	4.29665E-26	0.054259	0.291919	0.397764	0.459662	4.31598E-16	1.2036
382.278	1.90745	1.61135E-23	0.640499	0.291919	0.410962	0.48261	1.45253E-15	1.82599
383.504	4.08523	4.43905E-21	2.98657	0.291919	0.42331	0.418367	4.78272E-15	4.12017
384.73	6.52823	8.98495E-19	5.50423	0.291919	0.43471	0.299485	1.54076E-14	6.53034
385.956	4.95603	1.33645E-16	4.01188	0.291919	0.445064	0.177053	4.85633E-14	4.92592
387.181	1.93951	1.46113E-14	1.15715	0.291919	0.454287	0.0864563	1.49763E-13	1.98981
388.406	0.929144	1.17438E-12	0.132153	0.291919	0.4623	0.0348744	4.51886E-13	0.921246
389.631	0.690161	6.94061E-11	0.00597964	0.291919	0.469032	0.0116222	1.3341E-12	0.778553
390.856	0.662955	3.01678E-9	1.07261E-4	0.291919	0.474426	0.00320034	3.85376E-12	0.769653
392.08	0.610815	9.64566E-8	7.63196E-7	0.291919	0.478434	7.28253E-4	1.08925E-11	0.771082
393.304	0.597861	2.26907E-6	2.15535E-9	0.291919	0.481021	1.36962E-4	3.01249E-11	0.773079
394.528	0.586523	3.92807E-5	2.4174E-12	0.291919	0.482164	2.12914E-5	8.15228E-11	0.774144
395.752	0.746832	5.00507E-4	1.07742E-15	0.291919	0.481855	2.7362E-6	2.15872E-10	0.774278
396.975	0.726431	0.00469491	1.90936E-19	0.291919	0.480097	2.90725E-7	5.59353E-10	0.776712
398.198	0.951483	0.0324277	1.34622E-23	0.291919	0.476907	2.55426E-8	1.41824E-9	0.801254
399.421	1.18012	0.164954	3.77856E-28	0.291919	0.472314	1.85587E-9	3.51882E-9	0.929187
400.643	1.62668	0.618091	4.22455E-33	0.291919	0.466361	1.11527E-10	8.54344E-9	1.37637
401.866	2.3796	1.70636	1.88251E-38	0.291919	0.4591	5.544E-12	2.02984E-8	2.45738
403.088	3.98322	3.4714	3.34544E-44	0.291919	0.450596	2.27994E-13	4.71946E-8	4.21391
404.31	5.92914	5.20521	2.3724E-50	0.291919	0.440925	7.7578E-15	1.07381E-7	5.93805
405.531	6.84269	5.75385	6.71741E-57	0.291919	0.430168	2.18434E-16	2.39099E-7	6.47593
406.752	5.21606	4.68975	7.59889E-64	0.291919	0.418417	5.09003E-18	5.2101E-7	5.40009
407.973	3.23971	2.81902	3.43632E-71	0.291919	0.40577	9.81735E-20	1.11106E-6	3.51671
409.194	2.04119	1.24994	6.21567E-79	0.291919	0.392328	1.56745E-21	2.31879E-6	1.93419
410.414	1.491	0.408892	4.49979E-87	0.291919	0.378198	2.07193E-23	4.73609E-6	1.07901
411.635	1.00945	0.0987054	1.30456E-95	0.291919	0.363488	2.26771E-25	9.46721E-6	0.754122
412.854	0.887045	0.0175862	1.51553E-104	0.291919	0.348308	2.05535E-27	1.85213E-5	0.657832
414.074	0.698569	0.00231306	7.05903E-114	0.291919	0.332766	1.54285E-29	3.54632E-5	0.627034
415.293	0.645789	2.24632E-4	1.31907E-123	0.291919	0.316971	9.59297E-32	6.64574E-5	0.609181
416.513	0.494238	1.61106E-5	9.89437E-134	0.291919	0.301026	4.94115E-34	1.21892E-4	0.593083
417.731	0.525641	8.53476E-7	2.98102E-144	0.291919	0.285032	2.10864E-36	2.18817E-4	0.57717
418.95	0.369238	3.34038E-8	3.60955E-155	0.291919	0.269085	7.45637E-39	3.84472E-4	0.561388
420.168	0.458609	9.66075E-10	1.75757E-166	0.291919	0.253275	2.18503E-41	6.61201E-4	0.545855
421.386	0.366965	2.065E-11	3.44348E-178	0.291919	0.237686	5.30695E-44	0.00111299	0.530718
422.604	0.458609	3.26296E-13	2.71623E-190	0.291919	0.222394	1.06842E-46	0.00183379	0.516147
423.822	0.380896	3.81213E-15	8.63131E-203	0.291919	0.207468	1.78322E-49	0.00295738	0.502345
425.039	0.458945	3.29362E-17	1.10556E-215	0.291919	0.192971	2.46764E-52	0.00466847	0.489558
426.256	0.382834	2.10482E-19	5.71141E-229	0.291919	0.178954	2.83159E-55	0.00721368	0.478087
427.473	0.441122	9.95125E-22	1.19073E-242	0.291919	0.165465	2.69463E-58	0.0109109	0.468294
428.689	0.430762	3.48133E-24	1.00242E-256	0.291919	0.152539	2.12689E-61	0.0161543	0.460612
429.906	0.461523	9.01369E-27	3.40964E-271	0.291919	0.140207	1.39257E-64	0.0234126	0.455539
431.122	0.41004	1.72757E-29	4.68862E-286	0.291919	0.128492	7.56434E-68	0.0332162	0.453627
432.337	0.497473	2.45147E-32	2.60805E-301	0.291919	0.117407	3.40925E-71	0.0461313	0.455457
433.553	0.413596	2.5761E-35	5.87189e-317	0.291919	0.106962	1.27507E-74	0.0627178	0.461599
434.768	0.537955	2.00507E-38	0	0.291919	0.097159	3.95772E-78	0.0834723	0.47255
435.983	0.512701	1.15613E-41	0	0.291919	0.0879942	1.01965E-81	0.108757	0.48867
437.197	0.621176	4.93953E-45	0	0.291919	0.0794591	2.18072E-85	0.13872	0.510098
438.412	0.53504	1.56403E-48	0	0.291919	0.0715407	3.87211E-89	0.17322	0.536679
439.626	0.63996	3.67091E-52	0	0.291919	0.0642218	5.7088E-93	0.211755	0.567896
440.84	0.528555	6.38783E-56	0	0.291919	0.0574822	6.98947E-97	0.25343	0.602831
442.053	0.661017	8.24271E-60	0	0.291919	0.0512988	7.10721E-101	0.296944	0.640162
443.267	0.625067	7.88873E-64	0	0.291919	0.045646	6.00292E-105	0.340634	0.678199
444.48	0.76853	5.6008E-68	0	0.291919	0.040497	4.21197E-109	0.382566	0.714982
445.693	0.691122	2.95041E-72	0	0.291919	0.0358234	2.4554E-113	0.420664	0.748406
446.905	0.769492	1.15342E-76	0	0.291919	0.0315963	1.18939E-117	0.452877	0.776392
448.118	0.738089	3.34698E-81	0	0.291919	0.0277864	4.78789E-122	0.47736	0.797066
449.33	0.835883	7.2104E-86	0	0.291919	0.0243644	1.6019E-126	0.492653	0.808936
450.541	0.791846	1.15344E-90	0	0.291919	0.0213014	4.455E-131	0.497816	0.811037
451.753	0.841711	1.37037E-95	0	0.291919	0.0185689	1.03E-135	0.492535	0.803023
452.964	0.748129	1.20942E-100	0	0.291919	0.0161397	1.97994E-140	0.477146	0.785205
454.175	0.796378	7.93042E-106	0	0.291919	0.0139874	3.16482E-145	0.452602	0.758509
455.386	0.696631	3.86436E-111	0	0.291919	0.0120867	4.20706E-150	0.420378	0.724383
456.596	0.72869	1.39961E-116	0	0.291919	0.0104138	4.6515E-155	0.382319	0.684652
457.807	0.602393	3.76849E-122	0	0.291919	0.00894636	4.27803E-160	0.340473	0.641338
459.017	0.628622	7.54471E-128	0	0.291919	0.00766331	3.2733E-165	0.296902	0.596485
460.226	0.512701	1.12336E-133	0	0.291919	0.00654516	2.08386E-170	0.253528	0.551992
461.436	0.570013	1.24416E-139	0	0.291919	0.00557391	1.10394E-175	0.211995	0.509488
462.645	0.520148	1.02518E-145	0	0.291919	0.00473299	4.86707E-181	0.173587	0.470239
463.854	0.495215	6.28599E-152	0	0.291919	0.00400727	1.78603E-186	0.139191	0.435117
465.062	0.388342	2.86868E-158	0	0.291919	0.00338298	5.45583E-192	0.109297	0.404599
466.271	0.453116	9.74563E-165	0	0.291919	0.00284766	1.38751E-197	0.0840454	0.378812
467.479	0.317419	2.46512E-171	0	0.291919	0.00239011	2.93809E-203	0.0632904	0.3576
468.687	0.299933	4.64358E-178	0	0.291919	0.00200026	5.18086E-209	0.046675	0.340594
469.894	0.236792	6.51533E-185	0	0.291919	0.00166916	7.60847E-215	0.0337101	0.327298
471.102	0.234518	6.81039E-192	0	0.291919	0.00138883	9.30688E-221	0.0238435	0.317151
472.309	0.14028	5.3045E-199	0	0.291919	0.00115224	9.48362E-227	0.0165165	0.309588
473.516	0.201163	3.07918E-206	0	0.291919	9.53198E-4	8.05118E-233	0.0112051	0.304077
474.722	0.0797333	1.33239E-213	0	0.291919	7.8626E-4	5.69524E-239	0.00744496	0.30015
475.928	0.189185	4.29845E-221	0	0.291919	6.46688E-4	3.35725E-245	0.00484471	0.29741
477.135	0.141577	1.0341E-228	0	0.291919	5.30358E-4	1.6494E-251	0.00308772	0.295537
478.34	0.167166	1.85553E-236	0	0.291919	4.33701E-4	6.75448E-258	0.00192742	0.29428
479.546	0.106924	2.48375E-244	0	0.291919	3.53639E-4	2.30586E-264	0.0011784	0.293451
480.751	0.194693	2.48067E-252	0	0.291919	2.87526E-4	6.56297E-271	7.05647E-4	0.292912
481.956	0.0826477	1.84898E-260	0	0.291919	2.33101E-4	1.55757E-277	4.13877E-4	0.292566
483.161	0.18627	1.02869E-268	0	0.291919	1.88435E-4	3.08265E-284	2.37765E-4	0.292345
484.365	0.126685	4.27271E-277	0	0.291919	1.5189E-4	5.08842E-291	1.3379E-4	0.292205
485.569	0.159064	1.32518E-285	0	0.291919	1.22081E-4	7.00609E-298	7.374E-5	0.292115
486.773	0.136069	3.06962E-294	0	0.291919	9.78413E-5	8.04739E-305	3.98102E-5	0.292057
487.977	0.189505	5.31143E-303	0	0.291919	7.81895E-5	7.71208e-312	2.10524E-5	0.292018
489.181	0.192099	6.86658e-312	0	0.291919	6.23058E-5	6.16703e-319	1.09051E-5	0.291992
490.384	0.173636	6.62542e-321	0	0.291919	4.95067E-5	0	5.53337E-6	0.291974
491.587	0.141577	0	0	0.291919	3.92243E-5	0	2.75031E-6	0.291961
492.789	0.235815	0	0	0.291919	3.09887E-5	0	1.3391E-6	0.291951
493.992	0.172018	0	0	0.291919	2.44123E-5	0	6.38693E-7	0.291944
495.194	0.26528	0	0	0.291919	1.91767E-5	0	2.98416E-7	0.291939
496.396	0.255576	0	0	0.291919	1.50209E-5	0	1.36587E-7	0.291934
497.597	0.34754	0	0	0.291919	1.17322E-5	0	6.12434E-8	0.291931
498.799	0.257834	0	0	0.291919	9.13743E-6	0	2.69017E-8	0.291928
500	0.305762	0	0	0.291919	7.09626E-6	0	1.15764E-8	0.291926
501.201	0.273703	0	0	0.291919	5.49538E-6	0	4.88033E-9	0.291925
502.401	0.428168	0	0	0.291919	4.24355E-6	0	2.01563E-9	0.291923
503.602	0.397086	0	0	0.291919	3.26757E-6	0	8.15577E-10	0.291922
504.802	0.546042	0	0	0.291919	2.50891E-6	0	3.23309E-10	0.291922
506.001	0.550589	0	0	0.291919	1.92093E-6	0	1.25567E-10	0.291921
507.201	0.745215	0	0	0.291919	1.46657E-6	0	4.77794E-11	0.291921
508.4	0.849478	0	0	0.291919	1.11651E-6	0	1.78124E-11	0.29192
509.599	1.07584	0	0	0.291919	8.47599E-7	0	6.50619E-12	0.29192
510.798	1.28374	0	0	0.291919	6.41634E-7	0	2.3284E-12	0.29192
511.996	1.66651	0	0	0.291919	4.84344E-7	0	8.16435E-13	0.29192
513.195	2.05804	0	0	0.291919	3.64579E-7	0	2.80495E-13	0.291919
514.393	2.88315	0	0	0.291919	2.73653E-7	0	9.44218E-14	0.291919
515.59	3.97384	0	0	0.291919	2.04824E-7	0	3.11437E-14	0.291919
516.788	5.76464	0	0	0.291919	1.52874E-7	0	1.00653E-14	0.291919
517.985	8.49683	0	0	0.291919	1.13779E-7	0	3.18744E-15	0.291919
519.182	12.8605	0	0	0.291919	8.44431E-8	0	9.89068E-16	0.291919
520.379	16.889	0	0	0.291919	6.24945E-8	0	3.00735E-16	0.291919
521.575	17.8071	0	0	0.291919	4.61206E-8	0	8.96028E-17	0.291919
522.771	15.5703	0	0	0.291919	3.39411E-8	0	2.61604E-17	0.291919
523.967	12.1879	0	0	0.291919	2.49078E-8	0	7.48442E-18	0.291919
525.163	8.63024	0	0	0.291919	1.82273E-8	0	2.0983E-18	0.291919
526.358	6.20312	0	0	0.291919	1.33011E-8	0	5.76476E-19	0.291919
527.553	4.65551	0	0	0.291919	9.67912E-9	0	1.55204E-19	0.291919
528.748	3.84301	0	0	0.291919	7.02367E-9	0	4.09485E-20	0.291919
529.943	3.10207	0	0	0.291919	5.08246E-9	0	1.05875E-20	0.291919
531.137	2.616	0	0	0.291919	3.66747E-9	0	2.68271E-21	0.291919
532.331	2.24067	0	0	0.291919	2.63902E-9	0	6.66172E-22	0.291919
533.525	2.01949	0	0	0.291919	1.89367E-9	0	1.6212E-22	0.291919
534.719	1.72837	0	0	0.291919	1.35503E-9	0	3.86658E-23	0.291919
535.912	1.56937	0	0	0.291919	9.66898E-10	0	9.03791E-24	0.291919
537.105	1.31127	0	0	0.291919	6.88016E-10	0	2.07044E-24	0.291919
538.298	1.28568	0	0	0.291919	4.88207E-10	0	4.64856E-25	0.291919
539.49	1.15485	0	0	0.291919	3.4546E-10	0	1.02291E-25	0.291919
540.683	1.11341	0	0	0.291919	2.43771E-10	0	2.20614E-26	0.291919
541.875	0.997153	0	0	0.291919	1.71536E-10	0	4.66339E-27	0.291919
543.067	0.953116	0	0	0.291919	1.2037E-10	0	9.66174E-28	0.291919
544.258	0.85369	0	0	0.291919	8.42313E-11	0	1.96199E-28	0.291919
545.449	0.906149	0	0	0.291919	5.87788E-11	0	3.90511E-29	0.291919
546.64	0.797339	0	0	0.291919	4.09036E-11	0	7.61851E-30	0.291919
547.831	0.810294	0	0	0.291919	2.83855E-11	0	1.45684E-30	0.291919
549.022	0.677847	0	0	0.291919	1.96438E-11	0	2.73066E-31	0.291919
550.212	0.723837	0	0	0.291919	1.35566E-11	0	5.01694E-32	0.291919
551.402	0.624411	0	0	0.291919	9.32978E-12	0	9.03512E-33	0.291919
552.591	0.699866	0	0	0.291919	6.40309E-12	0	1.59499E-33	0.291919
553.781	0.676871	0	0	0.291919	4.38234E-12	0	2.76004E-34	0.291919
554.97	0.660681	0	0	0.291919	2.99103E-12	0	4.68182E-35	0.291919
556.159	0.606284	0	0	0.291919	2.0358E-12	0	7.78501E-36	0.291919
557.348	0.655188	0	0	0.291919	1.38182E-12	0	1.26898E-36	0.291919
558.536	0.586859	0	0	0.291919	9.35333E-13	0	2.02773E-37	0.291919
559.724	0.687888	0	0	0.291919	6.3137E-13	0	3.17633E-38	0.291919
560.912	0.585562	0	0	0.291919	4.25015E-13	0	4.87766E-39	0.291919
562.1	0.659064	0	0	0.291919	2.85317E-13	0	7.34297E-40	0.291919
563.287	0.577139	0	0	0.291919	1.9101E-13	0	1.08371E-40	0.291919
564.474	0.66619	0	0	0.291919	1.27523E-13	0	1.56797E-41	0.291919
565.661	0.59754	0	0	0.291919	8.49042E-14	0	2.22411E-42	0.291919
566.848	0.625067	0	0	0.291919	5.63735E-14	0	3.09294E-43	0.291919
568.034	0.580695	0	0	0.291919	3.73275E-14	0	4.21686E-44	0.291919
569.22	0.663931	0	0	0.291919	2.46485E-14	0	5.63658E-45	0.291919
570.406	0.558035	0	0	0.291919	1.62316E-14	0	7.38681E-46	0.291919
571.592	0.554144	0	0	0.291919	1.06596E-14	0	9.49113E-47	0.291919
572.777	0.466391	0	0	0.291919	6.98124E-15	0	1.19565E-47	0.291919
573.962	0.506537	0	0	0.291919	4.55969E-15	0	1.4768E-48	0.291919
575.147	0.470923	0	0	0.291919	2.96996E-15	0	1.78845E-49	0.291919
576.332	0.498129	0	0	0.291919	1.9292E-15	0	2.12361E-50	0.291919
577.516	0.470267	0	0	0.291919	1.24974E-15	0	2.47241E-51	0.291919
578.7	0.517874	0	0	0.291919	8.07377E-16	0	2.82241E-52	0.291919
579.884	0.450842	0	0	0.291919	5.20173E-16	0	3.15921E-53	0.291919
581.067	0.556418	0	0	0.291919	3.34223E-16	0	3.4674E-54	0.291919
582.251	0.460562	0	0	0.291919	2.14161E-16	0	3.73164E-55	0.291919
583.434	0.611792	0	0	0.291919	1.36856E-16	0	3.93796E-56	0.291919
584.616	0.510428	0	0	0.291919	8.72177E-17	0	4.07498E-57	0.291919
585.799	0.610495	0	0	0.291919	5.54326E-17	0	4.13493E-58	0.291919
586.981	0.510428	0	0	0.291919	3.51355E-17	0	4.11437E-59	0.291919
588.163	0.504279	0	0	0.291919	2.221E-17	0	4.01457E-60	0.291919
589.345	0.51496	0	0	0.291919	1.40014E-17	0	3.8413E-61	0.291919
590.526	0.558676	0	0	0.291919	8.80272E-18	0	3.60436E-62	0.291919
591.707	0.527914	0	0	0.291919	5.51933E-18	0	3.31661E-63	0.291919
592.888	0.606604	0	0	0.291919	3.45127E-18	0	2.99283E-64	0.291919
594.069	0.553168	0	0	0.291919	2.15227E-18	0	2.64848E-65	0.291919
595.25	0.612433	0	0	0.291919	1.33857E-18	0	2.29851E-66	0.291919
596.43	0.585883	0	0	0.291919	8.30255E-19	0	1.95629E-67	0.291919
597.61	0.64353	0	0	0.291919	5.13581E-19	0	1.63291E-68	0.291919
598.789	0.501044	0	0	0.291919	3.16836E-19	0	1.33673E-69	0.291919
599.969	0.521765	0	0	0.291919	1.94934E-19	0	1.0732E-70	0.291919
601.148	0.383154	0	0	0.291919	1.19611E-19	0	8.45039E-72	0.291919
602.327	0.387701	0	0	0.291919	7.31958E-20	0	6.5259E-73	0.291919
603.506	0.292807	0	0	0.291919	4.46716E-20	0	4.94284E-74	0.291919
604.684	0.331671	0	0	0.291919	2.719E-20	0	3.67189E-75	0.291919
605.862	0.268195	0	0	0.291919	1.65051E-20	0	2.67539E-76	0.291919
607.04	0.326819	0	0	0.291919	9.99222E-21	0	1.91194E-77	0.291919
608.218	0.263022	0	0	0.291919	6.03309E-21	0	1.34015E-78	0.291919
609.395	0.328757	0	0	0.291919	3.63289E-21	0	9.21373E-80	0.291919
610.572	0.289572	0	0	0.291919	2.18173E-21	0	6.2133E-81	0.291919
611.749	0.366324	0	0	0.291919	1.30673E-21	0	4.1098E-82	0.291919
612.926	0.273703	0	0	0.291919	7.80564E-22	0	2.66647E-83	0.291919
614.102	0.368262	0	0	0.291919	4.65018E-22	0	1.69697E-84	0.291919
615.278	0.344946	0	0	0.291919	2.76293E-22	0	1.05935E-85	0.291919
616.454	0.429465	0	0	0.291919	1.63723E-22	0	6.48694E-87	0.291919
617.63	0.377982	0	0	0.291919	9.67584E-23	0	3.89654E-88	0.291919
618.805	0.460226	0	0	0.291919	5.70308E-23	0	2.29596E-89	0.291919
619.98	0.384787	0	0	0.291919	3.35253E-23	0	1.32708E-90	0.291919
621.155	0.431082	0	0	0.291919	1.96553E-23	0	7.52469E-92	0.291919
622.33	0.371832	0	0	0.291919	1.14929E-23	0	4.18544E-93	0.291919
623.504	0.384131	0	0	0.291919	6.70229E-24	0	2.28381E-94	0.291919
624.678	0.341391	0	0	0.291919	3.89819E-24	0	1.22251E-95	0.291919
625.852	0.43595	0	0	0.291919	2.26125E-24	0	6.41982E-97	0.291919
627.025	0.362112	0	0	0.291919	1.30822E-24	0	3.30733E-98	0.291919
628.199	0.405188	0	0	0.291919	7.54849E-25	0	1.67156E-99	0.291919
629.372	0.36373	0	0	0.291919	4.34398E-25	0	8.28818E-101	0.291919
630.544	0.376685	0	0	0.291919	2.49325E-25	0	4.0318E-102	0.291919
631.717	0.329733	0	0	0.291919	1.42722E-25	0	1.92417E-103	0.291919
632.889	0.420721	0	0	0.291919	8.14835E-26	0	9.0095E-105	0.291919
634.061	0.343008	0	0	0.291919	4.63979E-26	0	4.1388E-106	0.291919
635.233	0.368918	0	0	0.291919	2.63499E-26	0	1.8654E-107	0.291919
636.405	0.301871	0	0	0.291919	1.4925E-26	0	8.2489E-109	0.291919
637.576	0.387366	0	0	0.291919	8.43143E-27	0	3.57894E-110	0.291919
638.747	0.346564	0	0	0.291919	4.75054E-27	0	1.52354E-111	0.291919
639.918	0.384131	0	0	0.291919	2.66957E-27	0	6.36349E-113	0.291919
641.088	0.256216	0	0	0.291919	1.49622E-27	0	2.60788E-114	0.291919
642.258	0.328116	0	0	0.291919	8.36382E-28	0	1.04867E-115	0.291919
643.428	0.232581	0	0	0.291919	4.66308E-28	0	4.13759E-117	0.291919
644.598	0.315482	0	0	0.291919	2.59298E-28	0	1.60186E-118	0.291919
645.768	0.210562	0	0	0.291919	1.43808E-28	0	6.08519E-120	0.291919
646.937	0.259787	0	0	0.291919	7.95481E-29	0	2.26831E-121	0.291919
648.106	0.189825	0	0	0.291919	4.3887E-29	0	8.29684E-123	0.291919
649.274	0.223837	0	0	0.291919	2.41492E-29	0	2.97792E-124	0.291919
650.443	0.0891174	0	0	0.291919	1.32536E-29	0	1.04883E-125	0.291919
651.611	0.184332	0	0	0.291919	7.2548E-30	0	3.62495E-127	0.291919
652.779	0.13996	0	0	0.291919	3.96079E-30	0	1.22942E-128	0.291919
653.947	0.244879	0	0	0.291919	2.15676E-30	0	4.09178E-130	0.291919
655.114	0.126044	0	0	0.291919	1.17135E-30	0	1.33641E-131	0.291919
656.281	0.172339	0	0	0.291919	6.34513E-31	0	4.2834E-133	0.291919
657.448	0.150977	0	0	0.291919	3.42815E-31	0	1.3473E-134	0.291919
658.615	0.190802	0	0	0.291919	1.84734E-31	0	4.15887E-136	0.291919
659.781	0.109518	0	0	0.291919	9.9289E-32	0	1.25986E-137	0.291919
660.948	0.192419	0	0	0.291919	5.32262E-32	0	3.74555E-139	0.291919
662.114	0.107901	0	0	0.291919	2.8459E-32	0	1.09284E-140	0.291919
663.279	0.204077	0	0	0.291919	1.51769E-32	0	3.12934E-142	0.291919
664.445	0.112433	0	0	0.291919	8.07272E-33	0	8.79448E-144	0.291919
665.61	0.194693	0	0	0.291919	4.2828E-33	0	2.42568E-145	0.291919
666.775	0.160361	0	0	0.291919	2.26626E-33	0	6.56639E-147	0.291919
667.939	0.197607	0	0	0.291919	1.19609E-33	0	1.74461E-148	0.291919
669.104	0.119879	0	0	0.291919	6.29641E-34	0	4.54936E-150	0.291919
670.268	0.183676	0	0	0.291919	3.30596E-34	0	1.16437E-151	0.291919
671.432	0.158102	0	0	0.291919	1.73132E-34	0	2.92499E-153	0.291919
672.595	0.211203	0	0	0.291919	9.04348E-35	0	7.21202E-155	0.291919
673.759	0.134131	0	0	0.291919	4.71162E-35	0	1.74539E-156	0.291919
674.922	0.273703	0	0	0.291919	2.44841E-35	0	4.1461E-158	0.291919
676.085	0.174292	0	0	0.291919	1.26904E-35	0	9.6672E-160	0.291919
677.247	0.210883	0	0	0.291919	6.56067E-36	0	2.2125E-161	0.291919
678.41	0.178503	0	0	0.291919	3.38299E-36	0	4.97038E-163	0.291919
679.572	0.188864	0	0	0.291919	1.73994E-36	0	1.09605E-164	0.291919
680.734	0.130896	0	0	0.291919	8.92587E-37	0	2.37249E-166	0.291919
681.895	0.173636	0	0	0.291919	4.56719E-37	0	5.04106E-168	0.291919
683.057	0.110495	0	0	0.291919	2.33094E-37	0	1.05145E-169	0.291919
684.218	0.145148	0	0	0.291919	1.18659E-37	0	2.15281E-171	0.291919
685.379	0.127005	0	0	0.291919	6.02492E-38	0	4.32697E-173	0.291919
686.539	0.176871	0	0	0.291919	3.05133E-38	0	8.53738E-175	0.291919
687.7	0.117941	0	0	0.291919	1.54139E-38	0	1.65362E-176	0.291919
688.86	0.140616	0	0	0.291919	7.7665E-39	0	3.14427E-178	0.291919
690.02	0.092688	0	0	0.291919	3.90324E-39	0	5.8693E-180	0.291919
691.179	0.172675	0	0	0.291919	1.95666E-39	0	1.07557E-181	0.291919
692.339	0.105627	0	0	0.291919	9.78349E-40	0	1.935E-183	0.291919
693.498	0.155829	0	0	0.291919	4.87936E-40	0	3.41758E-185	0.291919
694.657	0.092688	0	0	0.291919	2.4273E-40	0	5.92597E-187	0.291919
695.815	0.220602	0	0	0.291919	1.20441E-40	0	1.00881E-188	0.291919
696.973	0.126044	0	0	0.291919	5.96103E-41	0	1.68604E-190	0.291919
698.132	0.195013	0	0	0.291919	2.94279E-41	0	2.76661E-192	0.291919
699.289	0.122473	0	0	0.291919	1.44908E-41	0	4.45708E-194	0.291919
700.447	0.144812	0	0	0.291919	7.11739E-42	0	7.04989E-196	0.291919
701.604	0.0975403	0	0	0.291919	3.48694E-42	0	1.09483E-197	0.291919
702.761	0.172339	0	0	0.291919	1.70398E-42	0	1.66937E-199	0.291919
703.918	0.121497	0	0	0.291919	8.3058E-43	0	2.49922E-201	0.291919
705.075	0.169104	0	0	0.291919	4.03828E-43	0	3.67372E-203	0.291919
706.231	0.137366	0	0	0.291919	1.95844E-43	0	5.30229E-205	0.291919
707.387	0.183997	0	0	0.291919	9.47381E-44	0	7.51419E-207	0.291919
708.543	0.101431	0	0	0.291919	4.57129E-44	0	1.0456E-208	0.291919
709.698	0.145789	0	0	0.291919	2.20016E-44	0	1.42865E-210	0.291919
710.854	0.0994781	0	0	0.291919	1.05626E-44	0	1.91672E-212	0.291919
712.009	0.121176	0	0	0.291919	5.05812E-45	0	2.52509E-214	0.291919
713.164	0.0891174	0	0	0.291919	2.41608E-45	0	3.26651E-216	0.291919
714.318	0.141898	0	0	0.291919	1.15117E-45	0	4.14938E-218	0.291919
715.472	0.082312	0	0	0.291919	5.47103E-46	0	5.17585E-220	0.291919
716.627	0.155508	0	0	0.291919	2.59362E-46	0	6.33993E-222	0.291919
717.78	0.117941	0	0	0.291919	1.22645E-46	0	7.626E-224	0.291919
718.934	0.237433	0	0	0.291919	5.78494E-47	0	9.00792E-226	0.291919
720.087	0.159384	0	0	0.291919	2.7218E-47	0	1.04489E-227	0.291919
721.24	0.2125	0	0	0.291919	1.27739E-47	0	1.19027E-229	0.291919
722.393	0.131216	0	0	0.291919	5.97996E-48	0	1.33153E-231	0.291919
723.546	0.16976	0	0	0.291919	2.79244E-48	0	1.46283E-233	0.291919
724.698	0.0667786	0	0	0.291919	1.30071E-48	0	1.57825E-235	0.291919
725.85	0.187567	0	0	0.291919	6.0435E-49	0	1.67227E-237	0.291919
727.002	0.161017	0	0	0.291919	2.80097E-49	0	1.74016E-239	0.291919
728.153	0.231924	0	0	0.291919	1.29492E-49	0	1.7784E-241	0.291919
729.304	0.105963	0	0	0.291919	5.97157E-50	0	1.78498E-243	0.291919
730.455	0.182379	0	0	0.291919	2.74694E-50	0	1.75957E-245	0.291919
731.606	0.153235	0	0	0.291919	1.26045E-50	0	1.70354E-247	0.291919
732.757	0.216055	0	0	0.291919	5.76925E-51	0	1.61987E-249	0.291919
733.907	0.168463	0	0	0.291919	2.63408E-51	0	1.51283E-251	0.291919
735.057	0.329077	0	0	0.291919	1.19965E-51	0	1.38768E-253	0.291919
736.207	0.209265	0	0	0.291919	5.45005E-52	0	1.25022E-255	0.291919
737.356	0.27532	0	0	0.291919	2.46981E-52	0	1.10632E-257	0.291919
738.506	0.189185	0	0	0.291919	1.11647E-52	0	9.61574E-260	0.291919
739.655	0.298315	0	0	0.291919	5.03445E-53	0	8.20911E-262	0.291919
740.803	0.238409	0	0	0.291919	2.26453E-53	0	6.88375E-264	0.291919
741.952	0.302527	0	0	0.291919	1.01607E-53	0	5.66992E-266	0.291919
743.1	0.200842	0	0	0.291919	4.54773E-54	0	4.58728E-268	0.291919
744.248	0.290549	0	0	0.291919	2.03043E-54	0	3.64557E-270	0.291919
745.396	0.258154	0	0	0.291919	9.04286E-55	0	2.84587E-272	0.291919
746.544	0.344946	0	0	0.291919	4.01743E-55	0	2.18226E-274	0.291919
747.691	0.241324	0	0	0.291919	1.78039E-55	0	1.64379E-276	0.291919
748.838	0.272726	0	0	0.291919	7.87065E-56	0	1.2163E-278	0.291919
749.985	0.178503	0	0	0.291919	3.47082E-56	0	8.84082E-281	0.291919
751.131	0.302847	0	0	0.291919	1.5268E-56	0	6.31262E-283	0.291919
752.277	0.232581	0	0	0.291919	6.69977E-57	0	4.42788E-285	0.291919
753.423	0.25524	0	0	0.291919	2.9327E-57	0	3.0511E-287	0.291919
754.569	0.208945	0	0	0.291919	1.28058E-57	0	2.06537E-289	0.291919
755.715	0.257193	0	0	0.291919	5.57794E-58	0	1.37349E-291	0.291919
756.86	0.203436	0	0	0.291919	2.42367E-58	0	8.9731E-294	0.291919
758.005	0.249411	0	0	0.291919	1.05052E-58	0	5.75912E-296	0.291919
759.15	0.188208	0	0	0.291919	4.54225E-59	0	3.63137E-298	0.291919
760.294	0.280829	0	0	0.291919	1.95916E-59	0	2.24953E-300	0.291919
761.438	0.158743	0	0	0.291919	8.42954E-60	0	1.36907E-302	0.291919
762.583	0.243262	0	0	0.291919	3.61804E-60	0	8.18606E-305	0.291919
763.726	0.147726	0	0	0.291919	1.54909E-60	0	4.80892E-307	0.291919
764.87	0.213477	0	0	0.291919	6.61636E-61	0	2.77554e-309	0.291919
766.013	0.129919	0	0	0.291919	2.81902E-61	0	1.57391e-311	0.291919
767.156	0.190802	0	0	0.291919	1.19816E-61	0	8.76902e-314	0.291919
768.299	0.0965637	0	0	0.291919	5.08009E-62	0	4.80027e-316	0.291919
769.441	0.16976	0	0	0.291919	2.14866E-62	0	2.58183e-318	0.291919
770.584	0.12377	0	0	0.291919	9.06575E-63	0	1.36412e-320	0.291919
771.726	0.19631	0	0	0.291919	3.81576E-63	0	6.91692e-323	0.291919
772.867	0.158743	0	0	0.291919	1.60214E-63	0	0	0.291919
774.009	0.266257	0	0	0.291919	6.71062E-64	0	0	0.291919
775.15	0.165549	0	0	0.291919	2.80393E-64	0	0	0.291919
776.291	0.270789	0	0	0.291919	1.16874E-64	0	0	0.291919
777.432	0.190802	0	0	0.291919	4.85972E-65	0	0	0.291919
778.572	0.305762	0	0	0.291919	2.01582E-65	0	0	0.291919
779.713	0.161017	0	0	0.291919	8.34136E-66	0	0	0.291919
780.853	0.266577	0	0	0.291919	3.44326E-66	0	0	0.291919
781.993	0.20603	0	0	0.291919	1.41792E-66	0	0	0.291919
783.132	0.199866	0	0	0.291919	5.82478E-67	0	0	0.291919
784.271	0.127661	0	0	0.291919	2.38703E-67	0	0	0.291919
785.41	0.246832	0	0	0.291919	9.75856E-68	0	0	0.291919
786.549	0.180121	0	0	0.291919	3.97983E-68	0	0	0.291919
787.688	0.235175	0	0	0.291919	1.61918E-68	0	0	0.291919
788.826	0.140616	0	0	0.291919	6.57169E-69	0	0	0.291919
789.964	0.187888	0	0	0.291919	2.6608E-69	0	0	0.291919
791.102	0.121497	0	0	0.291919	1.07473E-69	0	0	0.291919
792.239	0.160681	0	0	0.291919	4.33056E-70	0	0	0.291919
793.377	0.103369	0	0	0.291919	1.74077E-70	0	0	0.291919
794.514	0.18595	0	0	0.291919	6.98066E-71	0	0	0.291919
795.65	0.138983	0	0	0.291919	2.79259E-71	0	0	0.291919
796.787	0.132193	0	0	0.291919	1.11448E-71	0	0	0.291919
797.923	0.0991577	0	0	0.291919	4.4371E-72	0	0	0.291919
799.059	0.150641	0	0	0.291919	1.76232E-72	0	0	0.291919
800.195	0.0991577	0	0	0.291919	6.98276E-73	0	0	0.291919
801.331	0.155188	0	0	0.291919	2.76014E-73	0	0	0.291919
802.466	0.0832886	0	0	0.291919	1.08842E-73	0	0	0.291919
803.601	0.141257	0	0	0.291919	4.28175E-74	0	0	0.291919
804.736	0.125708	0	0	0.291919	1.68039E-74	0	0	0.291919
805.87	0.204733	0	0	0.291919	6.57902E-75	0	0	0.291919
807.005	0.105963	0	0	0.291919	2.56966E-75	0	0	0.291919
808.139	0.205695	0	0	0.291919	1.00128E-75	0	0	0.291919
809.272	0.0956024	0	0	0.291919	3.89224E-76	0	0	0.291919
810.406	0.205374	0	0	0.291919	1.50942E-76	0	0	0.291919
811.539	0.138663	0	0	0.291919	5.83966E-77	0	0	0.291919
812.672	0.242285	0	0	0.291919	2.25389E-77	0	0	0.291919
813.805	0.183676	0	0	0.291919	8.67851E-78	0	0	0.291919
814.938	0.226752	0	0	0.291919	3.3337E-78	0	0	0.291919
816.07	0.154211	0	0	0.291919	1.27755E-78	0	0	0.291919
817.202	0.233542	0	0	0.291919	4.88426E-79	0	0	0.291919
818.334	0.196631	0	0	0.291919	1.8629E-79	0	0	0.291919
819.465	0.231924	0	0	0.291919	7.0885E-80	0	0	0.291919
820.597	0.207968	0	0	0.291919	2.69086E-80	0	0	0.291919
821.728	0.243918	0	0	0.291919	1.01906E-80	0	0	0.291919
822.859	0.124747	0	0	0.291919	3.8502E-81	0	0	0.291919
823.989	0.230963	0	0	0.291919	1.45125E-81	0	0	0.291919
825.12	0.16004	0	0	0.291919	5.45725E-82	0	0	0.291919
826.25	0.164252	0	0	0.291919	2.04731E-82	0	0	0.291919
827.379	0.126364	0	0	0.291919	7.66246E-83	0	0	0.291919
828.509	0.129599	0	0	0.291919	2.86109E-83	0	0	0.291919
829.638	0.111456	0	0	0.291919	1.06579E-83	0	0	0.291919
830.767	0.16619	0	0	0.291919	3.96089E-84	0	0	0.291919
831.896	0.104987	0	0	0.291919	1.46856E-84	0	0	0.291919
833.025	0.156149	0	0	0.291919	5.43216E-85	0	0	0.291919
834.153	0.086203	0	0	0.291919	2.00463E-85	0	0	0.291919
835.281	0.176871	0	0	0.291919	7.38033E-86	0	0	0.291919
836.409	0.0664581	0	0	0.291919	2.71082E-86	0	0	0.291919
837.537	0.138663	0	0	0.291919	9.93366E-87	0	0	0.291919
838.664	0.0732483	0	0	0.291919	3.63163E-87	0	0	0.291919
839.791	0.123129	0	0	0.291919	1.32458E-87	0	0	0.291919
840.918	0.0735687	0	0	0.291919	4.81992E-88	0	0	0.291919
842.045	0.153891	0	0	0.291919	1.7498E-88	0	0	0.291919
843.171	0.0437836	0	0	0.291919	6.33757E-89	0	0	0.291919
844.297	0.0758423	0	0	0.291919	2.29005E-89	0	0	0.291919
845.423	0.0739044	0	0	0.291919	8.25573E-90	0	0	0.291919
846.549	0.128622	0	0	0.291919	2.9693E-90	0	0	0.291919
847.674	0.0230621	0	0	0.291919	1.06548E-90	0	0	0.291919
848.799	0.118582	0	0	0.291919	3.81437E-91	0	0	0.291919
849.924	0.0713104	0	0	0.291919	1.36236E-91	0	0	0.291919
851.049	0.141898	0	0	0.291919	4.85461E-92	0	0	0.291919
852.173	0.102393	0	0	0.291919	1.72587E-92	0	0	0.291919
853.297	0.0965637	0	0	0.291919	6.12148E-93	0	0	0.291919
854.421	0.0285553	0	0	0.291919	2.16619E-93	0	0	0.291919
855.545	0.134131	0	0	0.291919	7.64774E-94	0	0	0.291919
856.668	0.0489563	0	0	0.291919	2.69379E-94	0	0	0.291919
857.792	0.129279	0	0	0.291919	9.46653E-95	0	0	0.291919
858.915	0.0832886	0	0	0.291919	3.31906E-95	0	0	0.291919
860.037	0.14028	0	0	0.291919	1.16101E-95	0	0	0.291919
861.16	0.0680756	0	0	0.291919	4.05186E-96	0	0	0.291919
862.282	0.086203	0	0	0.291919	1.41082E-96	0	0	0.291919
863.404	0.0897736	0	0	0.291919	4.90106E-97	0	0	0.291919
864.525	0.117941	0	0	0.291919	1.69867E-97	0	0	0.291919
865.647	0.0700134	0	0	0.291919	5.8739E-98	0	0	0.291919
866.768	0.117941	0	0	0.291919	2.0265E-98	0	0	0.291919
867.889	0.0538239	0	0	0.291919	6.9754E-99	0	0	0.291919
869.01	0.0933289	0	0	0.291919	2.39549E-99	0	0	0.291919
870.13	0.0486359	0	0	0.291919	8.20775E-100	0	0	0.291919
871.25	0.0997986	0	0	0.291919	2.80581E-100	0	0	0.291919
872.37	0.0372986	0	0	0.291919	9.56967E-101	0	0	0.291919
873.49	0.102072	0	0	0.291919	3.25643E-101	0	0	0.291919
874.61	0.0703339	0	0	0.291919	1.10559E-101	0	0	0.291919
875.729	0.0952667	0	0	0.291919	3.745E-102	0	0	0.291919
876.848	0.028891	0	0	0.291919	1.26566E-102	0	0	0.291919
877.967	0.065802	0	0	0.291919	4.2677E-103	0	0	0.291919
879.085	0.0324463	0	0	0.291919	1.43575E-103	0	0	0.291919
880.203	0.0790771	0	0	0.291919	4.81918E-104	0	0	0.291919
881.321	0.0311493	0	0	0.291919	1.61391E-104	0	0	0.291919
882.439	0.109518	0	0	0.291919	5.39257E-105	0	0	0.291919
883.557	0.0369781	0	0	0.291919	1.79773E-105	0	0	0.291919
884.674	0.0810303	0	0	0.291919	5.97954E-106	0	0	0.291919
885.791	0.0353607	0	0	0.291919	1.98437E-106	0	0	0.291919
886.908	0.137701	0	0	0.291919	6.57042E-107	0	0	0.291919
888.024	0.0580353	0	0	0.291919	2.17059E-107	0	0	0.291919
889.14	0.118262	0	0	0.291919	7.1545E-108	0	0	0.291919
890.256	0.044104	0	0	0.291919	2.35286E-108	0	0	0.291919
891.372	0.0933289	0	0	0.291919	7.72024E-109	0	0	0.291919
892.488	0.040213	0	0	0.291919	2.52745E-109	0	0	0.291919
893.603	0.117941	0	0	0.291919	8.25569E-110	0	0	0.291919
894.718	0.0392517	0	0	0.291919	2.69056E-110	0	0	0.291919
895.833	0.092688	0	0	0.291919	8.74888E-111	0	0	0.291919
896.948	0.0515503	0	0	0.291919	2.83846E-111	0	0	0.291919
898.062	0.0858826	0	0	0.291919	9.18828E-112	0	0	0.291919
899.176	0.023703	0	0	0.291919	2.96762E-112	0	0	0.291919
900.29	0.0965637	0	0	0.291919	9.56322E-113	0	0	0.291919
901.403	0.0661224	0	0	0.291919	3.07485E-113	0	0	0.291919
902.517	0.0910553	0	0	0.291919	9.86432E-114	0	0	0.291919
903.63	0.0431274	0	0	0.291919	3.15744E-114	0	0	0.291919
904.743	0.103369	0	0	0.291919	1.00839E-114	0	0	0.291919
905.855	0.0398926	0	0	0.291919	3.21329E-115	0	0	0.291919
906.968	0.088797	0	0	0.291919	1.02164E-115	0	0	0.291919
908.08	0.0457214	0	0	0.291919	3.24094E-116	0	0	0.291919
909.192	0.103049	0	0	0.291919	1.02583E-116	0	0	0.291919
910.303	0.0308289	0	0	0.291919	3.2397E-117	0	0	0.291919
911.415	0.0654816	0	0	0.291919	1.02086E-117	0	0	0.291919
912.526	0.0285553	0	0	0.291919	3.20965E-118	0	0	0.291919
913.637	0.0842651	0	0	0.291919	1.00689E-118	0	0	0.291919
914.747	0.027594	0	0	0.291919	3.15163E-119	0	0	0.291919
915.858	0.115668	0	0	0.291919	9.84286E-120	0	0	0.291919
916.968	0.0272736	0	0	0.291919	3.06719E-120	0	0	0.291919
918.078	0.117941	0	0	0.291919	9.53663E-121	0	0	0.291919
919.188	0.0191711	0	0	0.291919	2.95858E-121	0	0	0.291919
920.297	0.127005	0	0	0.291919	9.15812E-122	0	0	0.291919
921.406	0.0544647	0	0	0.291919	2.82856E-122	0	0	0.291919
922.515	0.0936493	0	0	0.291919	8.71688E-123	0	0	0.291919
923.624	0.0690369	0	0	0.291919	2.68036E-123	0	0	0.291919
924.732	0.124091	0	0	0.291919	8.22365E-124	0	0	0.291919
925.841	0.0385956	0	0	0.291919	2.51753E-124	0	0	0.291919
926.949	0.148703	0	0	0.291919	7.68994E-125	0	0	0.291919
928.056	0.115027	0	0	0.291919	2.34375E-125	0	0	0.291919
929.164	0.177206	0	0	0.291919	7.12757E-126	0	0	0.291919
930.271	0.144812	0	0	0.291919	2.16278E-126	0	0	0.291919
931.378	0.205695	0	0	0.291919	6.54825E-127	0	0	0.291919
932.485	0.162955	0	0	0.291919	1.97825E-127	0	0	0.291919
933.591	0.223181	0	0	0.291919	5.96321E-128	0	0	0.291919
934.698	0.233221	0	0	0.291919	1.79359E-128	0	0	0.291919
935.804	0.299612	0	0	0.291919	5.38284E-129	0	0	0.291919
936.909	0.326483	0	0	0.291919	1.61192E-129	0	0	0.291919
938.015	0.438208	0	0	0.291919	4.81642E-130	0	0	0.291919
939.12	0.371497	0	0	0.291919	1.43599E-130	0	0	0.291919
940.225	0.47869	0	0	0.291919	4.27194E-131	0	0	0.291919
941.33	0.431082	0	0	0.291919	1.26808E-131	0	0	0.291919
942.435	0.443076	0	0	0.291919	3.75594E-132	0	0	0.291919
943.539	0.434973	0	0	0.291919	1.11004E-132	0	0	0.291919
944.643	0.523703	0	0	0.291919	3.27349E-133	0	0	0.291919
945.747	0.436591	0	0	0.291919	9.63238E-134	0	0	0.291919
946.85	0.502982	0	0	0.291919	2.82818E-134	0	0	0.291919
947.954	0.380576	0	0	0.291919	8.28579E-135	0	0	0.291919
949.057	0.428168	0	0	0.291919	2.42222E-135	0	0	0.291919
950.16	0.377661	0	0	0.291919	7.06556E-136	0	0	0.291919
951.262	0.445334	0	0	0.291919	2.05652E-136	0	0	0.291919
952.365	0.403891	0	0	0.291919	5.97278E-137	0	0	0.291919
953.467	0.431418	0	0	0.291919	1.73091E-137	0	0	0.291919
954.569	0.40647	0	0	0.291919	5.00529E-138	0	0	0.291919
955.67	0.422018	0	0	0.291919	1.44425E-138	0	0	0.291919
956.772	0.367621	0	0	0.291919	4.15825E-139	0	0	0.291919
957.873	0.426871	0	0	0.291919	1.19465E-139	0	0	0.291919
958.974	0.379279	0	0	0.291919	3.42473E-140	0	0	0.291919
960.075	0.438864	0	0	0.291919	9.79656E-141	0	0	0.291919
961.175	0.396109	0	0	0.291919	2.79628E-141	0	0	0.291919
962.275	0.486136	0	0	0.291919	7.96434E-142	0	0	0.291919
963.375	0.386069	0	0	0.291919	2.2635E-142	0	0	0.291919
964.475	0.461523	0	0	0.291919	6.4191E-143	0	0	0.291919
965.574	0.397726	0	0	0.291919	1.81648E-143	0	0	0.291919
966.674	0.475134	0	0	0.291919	5.12922E-144	0	0	0.291919
967.773	0.369559	0	0	0.291919	1.44523E-144	0	0	0.291919
968.871	0.463141	0	0	0.291919	4.06337E-145	0	0	0.291919
969.97	0.387045	0	0	0.291919	1.14E-145	0	0	0.291919
971.068	0.463477	0	0	0.291919	3.19143E-146	0	0	0.291919
972.166	0.402594	0	0	0.291919	8.91531E-147	0	0	0.291919
973.264	0.450522	0	0	0.291919	2.48516E-147	0	0	0.291919
974.361	0.415213	0	0	0.291919	6.9126E-148	0	0	0.291919
975.459	0.465094	0	0	0.291919	1.91866E-148	0	0	0.291919
976.556	0.388983	0	0	0.291919	5.31403E-149	0	0	0.291919
977.652	0.43595	0	0	0.291919	1.46866E-149	0	0	0.291919
978.749	0.400977	0	0	0.291919	4.05032E-150	0	0	0.291919
979.845	0.463477	0	0	0.291919	1.11463E-150	0	0	0.291919
980.941	0.422995	0	0	0.291919	3.06085E-151	0	0	0.291919
982.037	0.416846	0	0	0.291919	8.38743E-152	0	0	0.291919
983.133	0.372153	0	0	0.291919	2.29345E-152	0	0	0.291919
984.228	0.415869	0	0	0.291919	6.25784E-153	0	0	0.291919
985.323	0.407767	0	0	0.291919	1.70386E-153	0	0	0.291919
986.418	0.412955	0	0	0.291919	4.62937E-154	0	0	0.291919
987.513	0.374091	0	0	0.291919	1.25512E-154	0	0	0.291919
988.607	0.375067	0	0	0.291919	3.39567E-155	0	0	0.291919
989.701	0.297995	0	0	0.291919	9.16737E-156	0	0	0.291919
990.795	0.323248	0	0	0.291919	2.46969E-156	0	0	0.291919
991.889	0.162299	0	0	0.291919	6.63925E-157	0	0	0.291919
992.982	0.225134	0	0	0.291919	1.78105E-157	0	0	0.291919
994.076	0.130576	0	0	0.291919	4.76776E-158	0	0	0.291919
995.169	0.199545	0	0	0.291919	1.2736E-158	0	0	0.291919
996.261	0.107901	0	0	0.291919	3.39496E-159	0	0	0.291919
997.354	0.168463	0	0	0.291919	9.03066E-160	0	0	0.291919
998.446	0.141257	0	0	0.291919	2.39711E-160	0	0	0.291919
999.538	0.122794	0	0	0.291919	6.34949E-161	0	0	0.291919
1000.63	0.0865234	0	0	0.291919	1.67832E-161	0	0	0.291919
1001.72	0.129599	0	0	0.291919	4.42688E-162	0	0	0.291919
1002.81	0.0424866	0	0	0.291919	1.16521E-162	0	0	0.291919
1003.9	0.0777802	0	0	0.291919	3.06056E-163	0	0	0.291919
1004.99	0.0243591	0	0	0.291919	8.02201E-164	0	0	0.291919
1006.08	0.0923523	0	0	0.291919	2.09823E-164	0	0	0.291919
1007.17	-0.00673828	0	0	0.291919	5.47662E-165	0	0	0.291919
1008.27	0.0716309	0	0	0.291919	1.42647E-165	0	0	0.291919
1009.35	-0.017099	0	0	0.291919	3.70767E-166	0	0	0.291919
1010.44	0.0580353	0	0	0.291919	9.61679E-167	0	0	0.291919
1011.53	-0.0297333	0	0	0.291919	2.48915E-167	0	0	0.291919
1012.62	0.0586761	0	0	0.291919	6.42931E-168	0	0	0.291919
1013.71	0.00687256	0	0	0.291919	1.65718E-168	0	0	0.291919
1014.8	0.0528473	0	0	0.291919	4.26256E-169	0	0	0.291919
1015.89	-0.0439697	0	0	0.291919	1.09412E-169	0	0	0.291919
1016.98	0.0279144	0	0	0.291919	2.80254E-170	0	0	0.291919
1018.06	-0.0255219	0	0	0.291919	7.16367E-171	0	0	0.291919
1019.15	0.0318054	0	0	0.291919	1.82732E-171	0	0	0.291919
1020.24	-0.0601746	0	0	0.291919	4.65149E-172	0	0	0.291919
1021.33	0.00881042	0	0	0.291919	1.18159E-172	0	0	0.291919
1022.41	-0.102914	0	0	0.291919	2.99529E-173	0	0	0.291919
1023.5	-0.00512085	0	0	0.291919	7.57721E-174	0	0	0.291919
1024.59	-0.0721527	0	0	0.291919	1.91284E-174	0	0	0.291919
1025.67	-0.0164581	0	0	0.291919	4.81892E-175	0	0	0.291919
1026.76	-0.0980621	0	0	0.291919	1.21149E-175	0	0	0.291919
1027.84	-0.036203	0	0	0.291919	3.03944E-176	0	0	0.291919
1028.93	-0.0889832	0	0	0.291919	7.60971E-177	0	0	0.291919
1030.02	-0.0242249	0	0	0.291919	1.90128E-177	0	0	0.291919
1031.1	-0.0562836	0	0	0.291919	4.74052E-178	0	0	0.291919
1032.19	-0.052713	0	0	0.291919	1.17953E-178	0	0	0.291919
1033.27	-0.108102	0	0	0.291919	2.92887E-179	0	0	0.291919
1034.35	-0.0556274	0	0	0.291919	7.25763E-180	0	0	0.291919
1035.44	-0.105188	0	0	0.291919	1.79472E-180	0	0	0.291919
1036.52	-0.055307	0	0	0.291919	4.42897E-181	0	0	0.291919
1037.61	-0.101938	0	0	0.291919	1.09073E-181	0	0	0.291919
1038.69	-0.0766846	0	0	0.291919	2.68065E-182	0	0	0.291919
1039.77	-0.148569	0	0	0.291919	6.57464E-183	0	0	0.291919
1040.85	-0.0896393	0	0	0.291919	1.60921E-183	0	0	0.291919
1041.94	-0.151483	0	0	0.291919	3.93064E-184	0	0	0.291919
1043.02	-0.0724731	0	0	0.291919	9.58129E-185	0	0	0.291919
1044.1	-0.132059	0	0	0.291919	2.33075E-185	0	0	0.291919
1045.18	-0.112299	0	0	0.291919	5.65823E-186	0	0	0.291919
1046.27	-0.163797	0	0	0.291919	1.37081E-186	0	0	0.291919
1047.35	-0.11976	0	0	0.291919	3.31427E-187	0	0	0.291919
1048.43	-0.191644	0	0	0.291919	7.99672E-188	0	0	0.291919
1049.51	-0.134332	0	0	0.291919	1.92553E-188	0	0	0.291919
1050.59	-0.207513	0	0	0.291919	4.62705E-189	0	0	0.291919
1051.67	-0.0779816	0	0	0.291919	1.10962E-189	0	0	0.291919
1052.75	-0.143716	0	0	0.291919	2.65559E-190	0	0	0.291919
1053.83	-0.0870453	0	0	0.291919	6.34255E-191	0	0	0.291919
1054.91	-0.194559	0	0	0.291919	1.51177E-191	0	0	0.291919
1055.99	-0.123956	0	0	0.291919	3.59604E-192	0	0	0.291919
1057.07	-0.166711	0	0	0.291919	8.53657E-193	0	0	0.291919
1058.15	-0.0776611	0	0	0.291919	2.02237E-193	0	0	0.291919
1059.23	-0.193262	0	0	0.291919	4.78146E-194	0	0	0.291919
1060.31	-0.125909	0	0	0.291919	1.12819E-194	0	0	0.291919
1061.38	-0.207834	0	0	0.291919	2.65658E-195	0	0	0.291919
1062.46	-0.144037	0	0	0.291919	6.2429E-196	0	0	0.291919
1063.54	-0.209787	0	0	0.291919	1.46411E-196	0	0	0.291919
1064.62	-0.107446	0	0	0.291919	3.42676E-197	0	0	0.291919
1065.69	-0.195535	0	0	0.291919	8.00422E-198	0	0	0.291919
1066.77	-0.122339	0	0	0.291919	1.86586E-198	0	0	0.291919
1067.85	-0.240549	0	0	0.291919	4.34075E-199	0	0	0.291919
1068.93	-0.161523	0	0	0.291919	1.00781E-199	0	0	0.291919
1070	-0.229532	0	0	0.291919	2.33516E-200	0	0	0.291919
1071.08	-0.163141	0	0	0.291919	5.39986E-201	0	0	0.291919
1072.15	-0.244424	0	0	0.291919	1.24617E-201	0	0	0.291919
1073.23	-0.210428	0	0	0.291919	2.87012E-202	0	0	0.291919
1074.3	-0.249292	0	0	0.291919	6.59711E-203	0	0	0.291919
1075.38	-0.214639	0	0	0.291919	1.51334E-203	0	0	0.291919
1076.45	-0.284586	0	0	0.291919	3.46458E-204	0	0	0.291919
1077.53	-0.290094	0	0	0.291919	7.91583E-205	0	0	0.291919
1078.6	-0.353235	0	0	0.291919	1.80499E-205	0	0	0.291919
1079.68	-0.308878	0	0	0.291919	4.10756E-206	0	0	0.291919
1080.75	-0.43905	0	0	0.291919	9.32884E-207	0	0	0.291919
