-60	7.26E-11	4.575E-10	1.23825E-7	1.71862E-7	6.96072E-7	1.13916E-6
-59.397	6.36E-11	5.571E-10	1.41771E-7	1.94155E-7	7.44184E-7	1.19455E-6
-58.794	5.88E-11	7.105E-10	1.567E-7	2.17533E-7	7.92233E-7	1.23916E-6
-58.191	5.59E-11	7.833E-10	1.7442E-7	2.3582E-7	8.2412E-7	1.27899E-6
-57.5879	5.29E-11	1.0092E-9	1.88674E-7	2.52899E-7	8.64819E-7	1.31331E-6
-56.9849	5E-11	1.0327E-9	2.03346E-7	2.69338E-7	8.94302E-7	1.37488E-6
-56.3819	4.84E-11	1.266E-9	2.15644E-7	2.8305E-7	9.22569E-7	1.37525E-6
-55.7789	4.84E-11	1.3549E-9	2.24709E-7	3.05225E-7	9.48984E-7	1.40022E-6
-55.1759	4.84E-11	1.6077E-9	2.4374E-7	3.15059E-7	9.83871E-7	1.39501E-6
-54.5729	5.15E-11	1.6539E-9	2.5462E-7	3.32453E-7	1.00722E-6	1.47245E-6
-53.9698	4.72E-11	2.0479E-9	2.63745E-7	3.38956E-7	1.02223E-6	1.46064E-6
-53.3668	4.86E-11	2.0119E-9	2.75079E-7	3.54911E-7	1.04313E-6	1.49089E-6
-52.7638	4.63E-11	2.5112E-9	2.87571E-7	3.64459E-7	1.05485E-6	1.49868E-6
-52.1608	4.65E-11	2.5199E-9	2.98335E-7	3.75999E-7	1.07745E-6	1.53295E-6
-51.5578	5.63E-11	2.9408E-9	3.09725E-7	3.82104E-7	1.08722E-6	1.54934E-6
-50.9548	5.06E-11	3.0371E-9	3.15628E-7	4.00405E-7	1.11321E-6	1.57024E-6
-50.3518	8.19E-11	3.5248E-9	3.35434E-7	4.0882E-7	1.11274E-6	1.59161E-6
-49.7487	5.31E-11	3.5808E-9	3.43297E-7	4.20277E-7	1.13832E-6	1.6107E-6
-49.1457	6.25E-11	3.9505E-9	3.51815E-7	4.3824E-7	1.15644E-6	1.62752E-6
-48.5427	6.22E-11	4.5254E-9	3.6255E-7	4.47045E-7	1.1784E-6	1.64154E-6
-47.9397	6.4E-11	4.7004E-9	3.74763E-7	4.64763E-7	1.20009E-6	1.64903E-6
-47.3367	7.32E-11	4.9928E-9	3.87651E-7	4.72106E-7	1.21181E-6	1.68343E-6
-46.7337	6.73E-11	5.4887E-9	3.93981E-7	4.86507E-7	1.21923E-6	1.68467E-6
-46.1307	8.56E-11	5.6755E-9	4.09336E-7	5.03597E-7	1.23466E-6	1.71725E-6
-45.5276	8.79E-11	6.5995E-9	4.16852E-7	5.19796E-7	1.24354E-6	1.70926E-6
-44.9246	9.37E-11	6.8906E-9	4.29754E-7	5.32712E-7	1.26791E-6	1.72933E-6
-44.3216	9.6E-11	7.4314E-9	4.37277E-7	5.36219E-7	1.27231E-6	1.72813E-6
-43.7186	1.145E-10	7.7009E-9	4.50104E-7	5.4338E-7	1.29252E-6	1.78392E-6
-43.1156	1.155E-10	8.6077E-9	4.58697E-7	5.52526E-7	1.30335E-6	1.77274E-6
-42.5126	1.229E-10	9.0365E-9	4.70598E-7	5.68286E-7	1.31458E-6	1.81475E-6
-41.9095	1.336E-10	9.6309E-9	4.80137E-7	5.74564E-7	1.32355E-6	1.80816E-6
-41.3065	1.443E-10	1.01335E-8	4.90512E-7	5.91101E-7	1.32964E-6	1.82424E-6
-40.7035	1.516E-10	1.08767E-8	5.02583E-7	5.97139E-7	1.34828E-6	1.83089E-6
-40.1005	1.666E-10	1.20217E-8	5.10858E-7	6.04287E-7	1.35852E-6	1.84102E-6
-39.4975	1.779E-10	1.24389E-8	5.22946E-7	6.18894E-7	1.36242E-6	1.83927E-6
-38.8945	1.938E-10	1.30657E-8	5.29259E-7	6.25477E-7	1.37723E-6	1.84473E-6
-38.2915	2.07E-10	1.33428E-8	5.47019E-7	6.44855E-7	1.38968E-6	1.87296E-6
-37.6884	2.246E-10	1.54462E-8	5.56103E-7	6.51061E-7	1.40365E-6	1.86656E-6
-37.0854	2.439E-10	1.53651E-8	5.70593E-7	6.56265E-7	1.40753E-6	1.9069E-6
-36.4824	2.643E-10	1.63574E-8	5.76801E-7	6.71072E-7	1.41539E-6	1.92535E-6
-35.8794	2.89E-10	1.7487E-8	5.85563E-7	6.84369E-7	1.42727E-6	1.9306E-6
-35.2764	3.111E-10	1.81362E-8	5.9806E-7	6.93176E-7	1.44978E-6	1.92065E-6
-34.6734	3.398E-10	1.87694E-8	6.06522E-7	7.1338E-7	1.45414E-6	1.97569E-6
-34.0704	3.667E-10	2.07384E-8	6.16196E-7	7.23502E-7	1.471E-6	1.95964E-6
-33.4673	4.028E-10	2.16928E-8	6.30367E-7	7.34541E-7	1.50503E-6	1.98476E-6
-32.8643	4.266E-10	2.26274E-8	6.34215E-7	7.38844E-7	1.50679E-6	1.99539E-6
-32.2613	4.717E-10	2.45522E-8	6.50445E-7	7.49082E-7	1.51348E-6	2.01698E-6
-31.6583	5.014E-10	2.4631E-8	6.57912E-7	7.61314E-7	1.53611E-6	2.01062E-6
-31.0553	5.581E-10	2.72862E-8	6.61631E-7	7.74026E-7	1.53373E-6	2.04158E-6
-30.4523	5.986E-10	2.78861E-8	6.74976E-7	7.73115E-7	1.5486E-6	2.03178E-6
-29.8492	6.764E-10	2.98425E-8	6.8794E-7	7.90358E-7	1.55389E-6	2.03839E-6
-29.2462	7.121E-10	3.10752E-8	6.95541E-7	8.03638E-7	1.55939E-6	2.05346E-6
-28.6432	7.851E-10	3.291E-8	7.12435E-7	8.11203E-7	1.56795E-6	2.06207E-6
-28.0402	8.296E-10	3.53137E-8	7.10694E-7	8.12145E-7	1.58256E-6	2.06794E-6
-27.4372	8.944E-10	3.66222E-8	7.3025E-7	8.28791E-7	1.59107E-6	2.07074E-6
-26.8342	9.596E-10	3.75289E-8	7.28617E-7	8.47611E-7	1.58208E-6	2.10204E-6
-26.2312	1.059E-9	3.96202E-8	7.48266E-7	8.54013E-7	1.60055E-6	2.08939E-6
-25.6281	1.1597E-9	4.02809E-8	7.5198E-7	8.697E-7	1.61901E-6	2.11663E-6
-25.0251	1.2952E-9	4.33266E-8	7.70008E-7	8.65199E-7	1.63187E-6	2.11704E-6
-24.4221	1.3766E-9	4.52151E-8	7.75141E-7	8.80956E-7	1.63592E-6	2.13658E-6
-23.8191	1.482E-9	4.79071E-8	7.87002E-7	8.81931E-7	1.6439E-6	2.13831E-6
-23.2161	1.6029E-9	4.94194E-8	8.01093E-7	9.0776E-7	1.64703E-6	2.13894E-6
-22.6131	1.7064E-9	5.14751E-8	8.0742E-7	9.0723E-7	1.65139E-6	2.15475E-6
-22.0101	1.8289E-9	5.37152E-8	8.11916E-7	9.09394E-7	1.67705E-6	2.18493E-6
-21.407	1.9929E-9	5.66291E-8	8.17003E-7	9.21683E-7	1.67186E-6	2.16798E-6
-20.80402	2.1633E-9	5.92809E-8	8.25843E-7	9.31656E-7	1.68489E-6	2.19628E-6
-20.20101	2.2511E-9	6.0875E-8	8.35893E-7	9.3937E-7	1.69239E-6	2.19214E-6
-19.59799	2.4648E-9	6.3257E-8	8.47216E-7	9.43721E-7	1.71528E-6	2.23256E-6
-18.99497	2.6591E-9	6.61369E-8	8.51574E-7	9.6774E-7	1.72074E-6	2.23205E-6
-18.39196	2.9273E-9	6.85293E-8	8.61429E-7	9.6132E-7	1.72865E-6	2.23817E-6
-17.78894	3.1562E-9	7.23248E-8	8.74681E-7	9.83123E-7	1.72786E-6	2.25746E-6
-17.18593	3.4626E-9	7.51934E-8	8.72547E-7	9.89364E-7	1.74879E-6	2.25706E-6
-16.58291	3.5909E-9	7.70173E-8	8.8727E-7	9.93654E-7	1.77247E-6	2.24688E-6
-15.9799	3.901E-9	8.12732E-8	8.94889E-7	1.00724E-6	1.76824E-6	2.27676E-6
-15.37688	4.3064E-9	8.29042E-8	9.01238E-7	1.01434E-6	1.78087E-6	2.27148E-6
-14.77387	4.647E-9	8.70434E-8	9.1555E-7	1.01967E-6	1.79245E-6	2.29208E-6
-14.17085	5.0844E-9	8.92845E-8	9.3014E-7	1.02853E-6	1.82102E-6	2.29016E-6
-13.56784	5.3706E-9	9.50657E-8	9.31251E-7	1.03753E-6	1.80901E-6	2.31004E-6
-12.96482	5.8025E-9	9.5964E-8	9.42397E-7	1.05226E-6	1.80721E-6	2.29623E-6
-12.36181	6.2894E-9	1.01459E-7	9.50996E-7	1.05555E-6	1.82657E-6	2.31841E-6
-11.75879	6.643E-9	1.02735E-7	9.72093E-7	1.07465E-6	1.82349E-6	2.32317E-6
-11.15578	6.8657E-9	1.08259E-7	9.75291E-7	1.08029E-6	1.83463E-6	2.34668E-6
-10.55276	7.649E-9	1.08855E-7	9.74909E-7	1.09426E-6	1.85306E-6	2.35198E-6
-9.94975	8.0213E-9	1.13194E-7	9.84329E-7	1.10402E-6	1.84842E-6	2.35699E-6
-9.34673	8.6061E-9	1.16334E-7	9.89136E-7	1.10647E-6	1.8693E-6	2.37811E-6
-8.74372	8.9925E-9	1.23123E-7	1.00923E-6	1.10672E-6	1.87663E-6	2.35209E-6
-8.1407	9.8289E-9	1.23065E-7	1.01097E-6	1.11319E-6	1.88942E-6	2.36044E-6
-7.53769	1.046E-8	1.28803E-7	1.02624E-6	1.13916E-6	1.88429E-6	2.36404E-6
-6.93467	1.10758E-8	1.3432E-7	1.03089E-6	1.14414E-6	1.92234E-6	2.37531E-6
-6.33166	1.1558E-8	1.37964E-7	1.03553E-6	1.15703E-6	1.91086E-6	2.37852E-6
-5.72864	1.2309E-8	1.42827E-7	1.03999E-6	1.15555E-6	1.9143E-6	2.41068E-6
-5.12563	1.3184E-8	1.45109E-7	1.05351E-6	1.16241E-6	1.90786E-6	2.41349E-6
-4.52261	1.41564E-8	1.49426E-7	1.05614E-6	1.17317E-6	1.94584E-6	2.42487E-6
-3.9196	1.48285E-8	1.53264E-7	1.06931E-6	1.17481E-6	1.97071E-6	2.43325E-6
-3.31658	1.53119E-8	1.58996E-7	1.07767E-6	1.19235E-6	1.96581E-6	2.44027E-6
-2.71357	1.65014E-8	1.62908E-7	1.08836E-6	1.18713E-6	1.96705E-6	2.45465E-6
-2.11055	1.73042E-8	1.70141E-7	1.09749E-6	1.20752E-6	1.9748E-6	2.4615E-6
-1.50754	1.84599E-8	1.72825E-7	1.10349E-6	1.19963E-6	1.97271E-6	2.46786E-6
-0.904523	1.93303E-8	1.80556E-7	1.12058E-6	1.22748E-6	1.98551E-6	2.4875E-6
-0.301508	2.05064E-8	1.86081E-7	1.12809E-6	1.22974E-6	1.9899E-6	2.4823E-6
0.301508	2.17098E-8	1.91641E-7	1.13619E-6	1.23807E-6	1.99262E-6	2.47177E-6
0.904523	2.28802E-8	1.92892E-7	1.14201E-6	1.24284E-6	2.00822E-6	2.48895E-6
1.50754	2.37519E-8	2.00889E-7	1.15462E-6	1.25758E-6	2.01612E-6	2.50915E-6
2.11055	2.53251E-8	2.04732E-7	1.15422E-6	1.25609E-6	2.01427E-6	2.48854E-6
2.71357	2.70473E-8	2.10446E-7	1.16181E-6	1.26193E-6	2.02403E-6	2.51184E-6
3.31658	2.84942E-8	2.15105E-7	1.18421E-6	1.28005E-6	2.01348E-6	2.5124E-6
3.9196	2.94679E-8	2.19525E-7	1.1821E-6	1.28899E-6	2.02652E-6	2.52677E-6
4.52261	3.10545E-8	2.25624E-7	1.20546E-6	1.2964E-6	2.02216E-6	2.54215E-6
5.12563	3.20372E-8	2.3085E-7	1.20122E-6	1.30508E-6	2.03746E-6	2.55868E-6
5.72864	3.42047E-8	2.39795E-7	1.21348E-6	1.30541E-6	2.03083E-6	2.56439E-6
6.33166	3.60838E-8	2.42853E-7	1.21257E-6	1.31903E-6	2.05565E-6	2.59136E-6
6.93467	3.70433E-8	2.47636E-7	1.22969E-6	1.3253E-6	2.06062E-6	2.58321E-6
7.53769	3.94258E-8	2.56325E-7	1.2371E-6	1.33425E-6	2.06996E-6	2.58977E-6
8.1407	4.15038E-8	2.62501E-7	1.2376E-6	1.35082E-6	2.07226E-6	2.63528E-6
8.74372	4.3639E-8	2.66135E-7	1.25254E-6	1.34661E-6	2.10056E-6	2.62075E-6
9.34673	4.50434E-8	2.74342E-7	1.26477E-6	1.35062E-6	2.12122E-6	2.64254E-6
9.94975	4.60956E-8	2.79356E-7	1.2763E-6	1.37539E-6	2.12002E-6	2.65134E-6
10.55276	4.79546E-8	2.85967E-7	1.29046E-6	1.38741E-6	2.12756E-6	2.64156E-6
11.15578	5.02802E-8	2.90912E-7	1.29942E-6	1.38796E-6	2.14834E-6	2.65482E-6
11.75879	5.21007E-8	2.9557E-7	1.30381E-6	1.39316E-6	2.15449E-6	2.68445E-6
12.36181	5.34078E-8	3.00373E-7	1.31707E-6	1.40271E-6	2.16911E-6	2.69517E-6
12.96482	5.69679E-8	3.12001E-7	1.3272E-6	1.41301E-6	2.16609E-6	2.6858E-6
13.56784	6.05974E-8	3.18342E-7	1.31711E-6	1.41858E-6	2.18449E-6	2.70339E-6
14.17085	6.11509E-8	3.23447E-7	1.31694E-6	1.41533E-6	2.17697E-6	2.6959E-6
14.77387	6.37638E-8	3.28238E-7	1.33483E-6	1.43096E-6	2.17773E-6	2.71423E-6
15.37688	6.67902E-8	3.41723E-7	1.35E-6	1.42866E-6	2.16397E-6	2.72108E-6
15.9799	6.97157E-8	3.45693E-7	1.34202E-6	1.43033E-6	2.18145E-6	2.71313E-6
16.58291	7.2302E-8	3.48874E-7	1.35524E-6	1.44715E-6	2.18636E-6	2.72771E-6
17.18593	7.46915E-8	3.60719E-7	1.35239E-6	1.45864E-6	2.19332E-6	2.73922E-6
17.78894	7.8193E-8	3.6287E-7	1.36034E-6	1.46702E-6	2.20969E-6	2.74913E-6
18.39196	8.15713E-8	3.6956E-7	1.37271E-6	1.4707E-6	2.21728E-6	2.74859E-6
18.99497	8.36546E-8	3.74228E-7	1.38219E-6	1.48493E-6	2.22048E-6	2.75538E-6
19.59799	8.71749E-8	3.83967E-7	1.38478E-6	1.48278E-6	2.23256E-6	2.76227E-6
20.20101	9.09986E-8	3.92208E-7	1.39992E-6	1.48211E-6	2.24059E-6	2.76695E-6
20.80402	9.52321E-8	4.0528E-7	1.40622E-6	1.5006E-6	2.24215E-6	2.78243E-6
21.407	9.7226E-8	4.12121E-7	1.42345E-6	1.50448E-6	2.2552E-6	2.79428E-6
22.0101	9.9866E-8	4.2048E-7	1.42614E-6	1.51306E-6	2.26333E-6	2.78722E-6
22.6131	1.02773E-7	4.22768E-7	1.43872E-6	1.52812E-6	2.28489E-6	2.79974E-6
23.2161	1.0587E-7	4.31733E-7	1.44884E-6	1.5322E-6	2.28812E-6	2.8159E-6
23.8191	1.08071E-7	4.38769E-7	1.45E-6	1.54151E-6	2.30099E-6	2.81841E-6
24.4221	1.12681E-7	4.4331E-7	1.4669E-6	1.55106E-6	2.30261E-6	2.82153E-6
25.0251	1.14774E-7	4.57091E-7	1.47373E-6	1.5602E-6	2.31884E-6	2.84455E-6
25.6281	1.18122E-7	4.61674E-7	1.47585E-6	1.5704E-6	2.30976E-6	2.83591E-6
26.2312	1.22325E-7	4.74453E-7	1.47105E-6	1.57405E-6	2.30603E-6	2.84308E-6
26.8342	1.24846E-7	4.81057E-7	1.49002E-6	1.58682E-6	2.32562E-6	2.84876E-6
27.4372	1.29533E-7	4.88478E-7	1.4797E-6	1.59373E-6	2.33384E-6	2.84278E-6
28.0402	1.32721E-7	4.93681E-7	1.4892E-6	1.6049E-6	2.35096E-6	2.8593E-6
28.6432	1.35853E-7	5.0602E-7	1.50139E-6	1.6287E-6	2.3348E-6	2.85286E-6
29.2462	1.38854E-7	5.10088E-7	1.49569E-6	1.62351E-6	2.33984E-6	2.84845E-6
29.8492	1.43721E-7	5.23413E-7	1.51276E-6	1.61833E-6	2.37628E-6	2.85112E-6
30.4523	1.49369E-7	5.32373E-7	1.51378E-6	1.62557E-6	2.37234E-6	2.85575E-6
31.0553	1.5246E-7	5.37415E-7	1.53548E-6	1.6248E-6	2.36669E-6	2.86914E-6
31.6583	1.57499E-7	5.4475E-7	1.54467E-6	1.63899E-6	2.36643E-6	2.90087E-6
32.2613	1.62202E-7	5.47101E-7	1.54935E-6	1.649E-6	2.38646E-6	2.89846E-6
32.8643	1.67359E-7	5.56355E-7	1.56688E-6	1.65286E-6	2.40099E-6	2.88082E-6
33.4673	1.71131E-7	5.66268E-7	1.56586E-6	1.67724E-6	2.40932E-6	2.88899E-6
34.0704	1.77928E-7	5.7551E-7	1.5675E-6	1.67853E-6	2.39565E-6	2.89005E-6
34.6734	1.82178E-7	5.86822E-7	1.56857E-6	1.68597E-6	2.40911E-6	2.909E-6
35.2764	1.87409E-7	5.92448E-7	1.58756E-6	1.68702E-6	2.41508E-6	2.91789E-6
35.8794	1.93138E-7	6.02669E-7	1.58939E-6	1.69573E-6	2.44505E-6	2.91031E-6
36.4824	1.97025E-7	6.01498E-7	1.60752E-6	1.70734E-6	2.42606E-6	2.93002E-6
37.0854	2.00663E-7	6.1774E-7	1.60941E-6	1.69631E-6	2.46151E-6	2.93108E-6
37.6884	2.06714E-7	6.26655E-7	1.61386E-6	1.72003E-6	2.47484E-6	2.93354E-6
38.2915	2.11281E-7	6.33336E-7	1.62369E-6	1.71577E-6	2.48468E-6	2.94921E-6
38.8945	2.17899E-7	6.39186E-7	1.63741E-6	1.72621E-6	2.50982E-6	2.94327E-6
39.4975	2.23168E-7	6.56622E-7	1.6394E-6	1.73844E-6	2.52103E-6	2.98179E-6
40.1005	2.28452E-7	6.57959E-7	1.64356E-6	1.73743E-6	2.52026E-6	2.94061E-6
40.7035	2.36647E-7	6.69787E-7	1.65405E-6	1.74756E-6	2.53928E-6	2.96435E-6
41.3065	2.40091E-7	6.77563E-7	1.65743E-6	1.75032E-6	2.52732E-6	2.96275E-6
41.9095	2.46523E-7	6.85902E-7	1.66966E-6	1.75799E-6	2.51107E-6	2.97948E-6
42.5126	2.51079E-7	6.99338E-7	1.67672E-6	1.76597E-6	2.51605E-6	2.99366E-6
43.1156	2.54957E-7	7.06638E-7	1.67962E-6	1.77376E-6	2.53527E-6	2.98208E-6
43.7186	2.61864E-7	7.17465E-7	1.70316E-6	1.77706E-6	2.54608E-6	3.01251E-6
44.3216	2.67754E-7	7.33092E-7	1.70696E-6	1.79814E-6	2.5486E-6	3.02446E-6
44.9246	2.79594E-7	7.35895E-7	1.7154E-6	1.79957E-6	2.54329E-6	2.99538E-6
45.5276	2.80638E-7	7.40682E-7	1.71732E-6	1.79927E-6	2.54557E-6	3.03356E-6
46.1307	2.88417E-7	7.48544E-7	1.73025E-6	1.81283E-6	2.56052E-6	3.04228E-6
46.7337	2.93172E-7	7.59171E-7	1.72374E-6	1.82049E-6	2.57189E-6	3.06102E-6
47.3367	2.96494E-7	7.64548E-7	1.72695E-6	1.82685E-6	2.57046E-6	3.05655E-6
47.9397	3.06472E-7	7.74806E-7	1.73277E-6	1.83566E-6	2.57645E-6	3.04358E-6
48.5427	3.10605E-7	7.83472E-7	1.74213E-6	1.85384E-6	2.59688E-6	3.07905E-6
49.1457	3.16315E-7	7.94254E-7	1.75374E-6	1.84863E-6	2.59808E-6	3.07629E-6
49.7487	3.20743E-7	8.015E-7	1.74782E-6	1.86972E-6	2.60905E-6	3.10067E-6
50.3518	3.28458E-7	8.16444E-7	1.75759E-6	1.88195E-6	2.61101E-6	3.10492E-6
50.9548	3.34344E-7	8.21414E-7	1.76913E-6	1.87473E-6	2.61972E-6	3.10961E-6
51.5578	3.40937E-7	8.2681E-7	1.77502E-6	1.89809E-6	2.61298E-6	3.1133E-6
52.1608	3.47514E-7	8.32712E-7	1.77404E-6	1.90925E-6	2.58751E-6	3.1125E-6
52.7638	3.49188E-7	8.38225E-7	1.78944E-6	1.90489E-6	2.61155E-6	3.10495E-6
53.3668	3.55249E-7	8.49027E-7	1.79337E-6	1.91224E-6	2.62614E-6	3.10096E-6
53.9698	3.59641E-7	8.58382E-7	1.80156E-6	1.90768E-6	2.64167E-6	3.12813E-6
54.5729	3.72269E-7	8.69376E-7	1.79998E-6	1.92096E-6	2.65233E-6	3.1406E-6
55.1759	3.79643E-7	8.71929E-7	1.79866E-6	1.92323E-6	2.67314E-6	3.12787E-6
55.7789	3.87444E-7	8.85287E-7	1.80668E-6	1.94097E-6	2.67276E-6	3.10606E-6
56.3819	3.94316E-7	8.87857E-7	1.8179E-6	1.95232E-6	2.66075E-6	3.13224E-6
56.9849	3.98669E-7	8.96159E-7	1.81402E-6	1.94693E-6	2.68047E-6	3.13721E-6
57.5879	4.09554E-7	9.13807E-7	1.82537E-6	1.9609E-6	2.67567E-6	3.15423E-6
58.191	4.11157E-7	9.17865E-7	1.83731E-6	1.97261E-6	2.68551E-6	3.15802E-6
58.794	4.21773E-7	9.2543E-7	1.85343E-6	1.9688E-6	2.68289E-6	3.15987E-6
59.397	4.26937E-7	9.3713E-7	1.86039E-6	1.97855E-6	2.6805E-6	3.17714E-6
60	4.34773E-7	9.39545E-7	1.86343E-6	1.99554E-6	2.69003E-6	3.19637E-6
