-60	1.9E-10	1.55E-9	9E-9	1.66E-8	8.13E-8	1.44E-7
-59.4	1.56E-10	5.1E-10	1E-8	1.9E-8	9.51E-8	1.68E-7
-58.8	1.38E-10	2.64E-9	1.08E-8	2.12E-8	1.09E-7	1.89E-7
-58.2	1.17E-10	7.1E-10	1.22E-8	2.5E-8	1.26E-7	2.18E-7
-57.6	1.01E-10	-1.6E-10	1.41E-8	2.72E-8	1.41E-7	2.41E-7
-57	9.1E-11	2.75E-9	1.49E-8	3.2E-8	1.6E-7	2.68E-7
-56.4	8E-11	9E-10	1.76E-8	3.46E-8	1.75E-7	2.98E-7
-55.8	7.2E-11	1.49E-9	1.9E-8	3.82E-8	1.96E-7	3.32E-7
-55.2	6.7E-11	4.9E-10	2.07E-8	4.34E-8	2.15E-7	3.53E-7
-54.6	5.9E-11	3.2E-10	2.31E-8	4.78E-8	2.36E-7	4.01E-7
-54	5.4E-11	9.1E-10	2.49E-8	5.08E-8	2.51E-7	4.36E-7
-53.4	5E-11	6E-10	2.71E-8	5.98E-8	2.78E-7	4.74E-7
-52.8	4.6E-11	4E-10	2.98E-8	6.34E-8	2.97E-7	5.16E-7
-52.2	4.6E-11	2.6E-10	3.16E-8	6.98E-8	3.27E-7	5.58E-7
-51.6	4E-11	3.9E-10	3.49E-8	7.74E-8	3.51E-7	6.12E-7
-51	4E-11	4.1E-10	3.82E-8	7.86E-8	3.75E-7	6.55E-7
-50.4	3.5E-11	4.9E-10	4.17E-8	8.8E-8	4.05E-7	7E-7
-49.7	3.4E-11	4.5E-10	4.66E-8	9.68E-8	4.32E-7	7.76E-7
-49.1	3.3E-11	1.13E-9	5.06E-8	1.02E-7	4.71E-7	7.96E-7
-48.5	3.6E-11	1.11E-9	5.51E-8	1.13E-7	5.1E-7	8.77E-7
-47.9	3.5E-11	3.3E-10	5.77E-8	1.2E-7	5.4E-7	9.43E-7
-47.3	3.3E-11	1.5E-10	6.08E-8	1.3E-7	5.7E-7	9.83E-7
-46.7	3.6E-11	7E-11	6.9E-8	1.4E-7	6.09E-7	1.04E-6
-46.1	4.1E-11	3.5E-10	7.6E-8	1.51E-7	6.45E-7	1.11E-6
-45.5	4.1E-11	7.3E-10	8.01E-8	1.57E-7	6.96E-7	1.15E-6
-44.9	3.9E-11	1.05E-9	8.63E-8	1.71E-7	7.32E-7	1.2E-6
-44.3	4.2E-11	2.5E-10	8.97E-8	1.86E-7	7.77E-7	1.27E-6
-43.7	4.7E-11	5.4E-10	9.62E-8	1.97E-7	8.16E-7	1.33E-6
-43.1	4.8E-11	7.9E-10	1.06E-7	2.08E-7	8.76E-7	1.41E-6
-42.5	5.4E-11	7.1E-10	1.15E-7	2.2E-7	9.18E-7	1.48E-6
-41.9	5.9E-11	1.13E-9	1.21E-7	2.28E-7	9.69E-7	1.58E-6
-41.3	6.3E-11	1.13E-9	1.22E-7	2.42E-7	1.02E-6	1.66E-6
-40.7	6.5E-11	1.27E-9	1.33E-7	2.6E-7	1.07E-6	1.76E-6
-40.1	7.9E-11	1.23E-9	1.36E-7	2.68E-7	1.1E-6	1.8E-6
-39.5	7.9E-11	1.57E-9	1.47E-7	2.88E-7	1.16E-6	1.84E-6
-38.9	8.6E-11	1.64E-9	1.61E-7	2.98E-7	1.18E-6	1.99E-6
-38.3	9.6E-11	1.91E-9	1.69E-7	3.22E-7	1.26E-6	2.03E-6
-37.7	1.05E-10	2.03E-9	1.81E-7	3.34E-7	1.31E-6	2.18E-6
-37.1	1.13E-10	2.19E-9	1.91E-7	3.54E-7	1.37E-6	2.19E-6
-36.5	1.26E-10	2.58E-9	2.03E-7	3.74E-7	1.45E-6	2.33E-6
-35.9	1.42E-10	2.57E-9	2.12E-7	3.86E-7	1.5E-6	2.37E-6
-35.3	1.53E-10	2.64E-9	2.17E-7	4.08E-7	1.57E-6	2.49E-6
-34.7	1.68E-10	2.88E-9	2.35E-7	4.24E-7	1.65E-6	2.65E-6
-34.1	1.83E-10	3.04E-9	2.38E-7	4.32E-7	1.71E-6	2.7E-6
-33.5	2.05E-10	3.33E-9	2.55E-7	4.5E-7	1.78E-6	2.84E-6
-32.9	2.22E-10	3.66E-9	2.71E-7	4.68E-7	1.82E-6	2.95E-6
-32.3	2.5E-10	3.94E-9	2.81E-7	4.94E-7	1.93E-6	3.1E-6
-31.7	2.71E-10	4.29E-9	3.01E-7	5.26E-7	1.93E-6	3.16E-6
-31.1	2.96E-10	4.68E-9	3.03E-7	5.38E-7	2.02E-6	3.31E-6
-30.5	3.3E-10	4.97E-9	3.19E-7	5.72E-7	2.1E-6	3.36E-6
-29.8	3.61E-10	5.37E-9	3.35E-7	5.76E-7	2.1E-6	3.54E-6
-29.2	3.91E-10	5.68E-9	3.49E-7	6.06E-7	2.18E-6	3.6E-6
-28.6	4.32E-10	5.98E-9	3.54E-7	6.2E-7	2.25E-6	3.77E-6
-28	4.75E-10	6.38E-9	3.76E-7	6.24E-7	2.34E-6	3.87E-6
-27.4	5.27E-10	6.93E-9	3.88E-7	6.48E-7	2.45E-6	3.92E-6
-26.8	5.72E-10	7.21E-9	4.02E-7	6.6E-7	2.55E-6	4.16E-6
-26.2	6.21E-10	7.97E-9	4.16E-7	6.92E-7	2.57E-6	4.2E-6
-25.6	6.83E-10	8.52E-9	4.25E-7	7.18E-7	2.72E-6	4.48E-6
-25	7.43E-10	9.23E-9	4.48E-7	7.5E-7	2.79E-6	4.53E-6
-24.4	7.99E-10	1.1E-8	4.58E-7	7.74E-7	2.91E-6	4.7E-6
-23.8	8.83E-10	9.04E-9	4.89E-7	8.08E-7	3.03E-6	4.83E-6
-23.2	9.63E-10	1.09E-8	4.94E-7	8.16E-7	3.06E-6	4.92E-6
-22.6	1.01E-9	1.28E-8	5.23E-7	8.58E-7	3.15E-6	5.07E-6
-22	1.13E-9	1.42E-8	5.36E-7	8.66E-7	3.27E-6	5.17E-6
-21.4	1.25E-9	1.38E-8	5.67E-7	9.1E-7	3.3E-6	5.26E-6
-20.8	1.36E-9	1.62E-8	5.84E-7	9.46E-7	3.45E-6	5.49E-6
-20.2	1.45E-9	1.51E-8	6E-7	9.66E-7	3.63E-6	5.49E-6
-19.6	1.61E-9	1.72E-8	6.27E-7	1.01E-6	3.6E-6	5.68E-6
-19	1.7E-9	1.79E-8	6.4E-7	1.03E-6	3.75E-6	5.89E-6
-18.4	1.81E-9	1.92E-8	6.55E-7	1.08E-6	3.84E-6	5.92E-6
-17.8	2.01E-9	2.1E-8	6.79E-7	1.06E-6	3.93E-6	6.1E-6
-17.2	2.15E-9	2.25E-8	7.09E-7	1.08E-6	4.17E-6	6.27E-6
-16.6	2.35E-9	2.36E-8	7.18E-7	1.12E-6	4.05E-6	6.31E-6
-16	2.49E-9	2.42E-8	7.53E-7	1.13E-6	4.29E-6	6.32E-6
-15.4	2.69E-9	2.7E-8	7.85E-7	1.16E-6	4.41E-6	6.59E-6
-14.8	2.91E-9	2.91E-8	8.04E-7	1.24E-6	4.5E-6	6.67E-6
-14.2	3.15E-9	3.06E-8	8.34E-7	1.25E-6	4.62E-6	6.99E-6
-13.6	3.37E-9	3.1E-8	8.48E-7	1.3E-6	4.77E-6	7.1E-6
-13	3.67E-9	3.24E-8	8.72E-7	1.35E-6	4.8E-6	7.31E-6
-12.4	5.16E-9	3.4E-8	9.02E-7	1.36E-6	4.98E-6	7.43E-6
-11.8	4.89E-9	3.77E-8	9.31E-7	1.43E-6	4.95E-6	7.47E-6
-11.2	4.49E-9	3.97E-8	9.74E-7	1.43E-6	5.1E-6	7.77E-6
-10.6	4.72E-9	4.04E-8	9.82E-7	1.5E-6	5.19E-6	7.74E-6
-9.95	4.79E-9	4.55E-8	9.92E-7	1.5E-6	5.37E-6	7.97E-6
-9.35	5.24E-9	4.95E-8	1.04E-6	1.57E-6	5.64E-6	7.91E-6
-8.74	5.59E-9	4.99E-8	1.08E-6	1.61E-6	5.7E-6	8.26E-6
-8.14	5.77E-9	5.33E-8	1.12E-6	1.63E-6	6E-6	8.31E-6
-7.54	6.43E-9	5.61E-8	1.14E-6	1.67E-6	5.91E-6	8.44E-6
-6.93	6.76E-9	5.97E-8	1.18E-6	1.72E-6	6.21E-6	8.72E-6
-6.33	7.05E-9	6.31E-8	1.2E-6	1.72E-6	6.09E-6	8.92E-6
-5.73	7.45E-9	6.75E-8	1.24E-6	1.74E-6	6.27E-6	9.31E-6
-5.13	7.58E-9	7.05E-8	1.27E-6	1.78E-6	6.45E-6	9.36E-6
-4.52	8.27E-9	7.64E-8	1.29E-6	1.83E-6	6.45E-6	9.77E-6
-3.92	9.04E-9	8.13E-8	1.35E-6	1.89E-6	6.48E-6	9.63E-6
-3.32	9.48E-9	8.52E-8	1.4E-6	1.96E-6	6.69E-6	1.01E-5
-2.71	1.03E-8	8.82E-8	1.48E-6	2.06E-6	6.96E-6	1.01E-5
-2.11	1.09E-8	9.11E-8	1.48E-6	2.1E-6	6.93E-6	1.03E-5
-1.51	1.11E-8	9.45E-8	1.54E-6	2.12E-6	7.29E-6	1.05E-5
-0.905	1.17E-8	1.01E-7	1.56E-6	2.18E-6	7.14E-6	1.1E-5
-0.302	1.26E-8	1.08E-7	1.55E-6	2.24E-6	7.29E-6	1.12E-5
0.302	1.34E-8	1.11E-7	1.65E-6	2.3E-6	7.5E-6	1.14E-5
0.905	1.33E-8	1.2E-7	1.69E-6	2.34E-6	7.44E-6	1.17E-5
1.51	1.42E-8	1.28E-7	1.73E-6	2.38E-6	7.53E-6	1.18E-5
2.11	1.51E-8	1.29E-7	1.77E-6	2.48E-6	7.77E-6	1.2E-5
2.71	1.61E-8	1.35E-7	1.83E-6	2.6E-6	8.1E-6	1.21E-5
3.32	1.76E-8	1.39E-7	1.87E-6	2.74E-6	8.01E-6	1.21E-5
3.92	1.82E-8	1.47E-7	1.91E-6	2.62E-6	8.19E-6	1.23E-5
4.52	1.94E-8	1.52E-7	1.99E-6	2.84E-6	8.37E-6	1.25E-5
5.13	2E-8	1.64E-7	2.03E-6	2.8E-6	8.52E-6	1.25E-5
5.73	2.05E-8	1.77E-7	2.06E-6	2.84E-6	8.7E-6	1.27E-5
6.33	2.24E-8	1.78E-7	2.11E-6	2.74E-6	9E-6	1.28E-5
6.93	2.42E-8	1.94E-7	2.13E-6	2.9E-6	9.3E-6	1.32E-5
7.54	2.46E-8	2.05E-7	2.17E-6	2.78E-6	9.66E-6	1.34E-5
8.14	2.47E-8	2.21E-7	2.17E-6	3.04E-6	9.99E-6	1.37E-5
8.74	2.63E-8	2.12E-7	2.34E-6	3.1E-6	1.01E-5	1.41E-5
9.35	2.73E-8	2.2E-7	2.35E-6	3.28E-6	1.05E-5	1.44E-5
9.95	2.96E-8	2.38E-7	2.4E-6	3.3E-6	1.04E-5	1.47E-5
10.6	2.89E-8	2.52E-7	2.49E-6	3.48E-6	1.07E-5	1.52E-5
11.2	3.1E-8	2.57E-7	2.53E-6	3.24E-6	1.05E-5	1.53E-5
11.8	3.31E-8	2.73E-7	2.64E-6	3.3E-6	1.08E-5	1.53E-5
12.4	3.48E-8	2.78E-7	2.59E-6	3.42E-6	1.1E-5	1.56E-5
13	3.65E-8	2.79E-7	2.56E-6	3.6E-6	1.08E-5	1.57E-5
13.6	3.73E-8	2.93E-7	2.63E-6	3.5E-6	1.11E-5	1.59E-5
14.2	3.79E-8	3.12E-7	2.72E-6	3.74E-6	1.11E-5	1.62E-5
14.8	3.75E-8	3.17E-7	2.86E-6	3.68E-6	1.16E-5	1.68E-5
15.4	3.93E-8	3.44E-7	2.95E-6	3.78E-6	1.2E-5	1.67E-5
16	4.12E-8	3.47E-7	2.99E-6	4.18E-6	1.24E-5	1.69E-5
16.6	4.44E-8	3.53E-7	3.09E-6	4.06E-6	1.25E-5	1.74E-5
17.2	4.55E-8	3.83E-7	3.14E-6	4.02E-6	1.25E-5	1.71E-5
17.8	5.03E-8	3.77E-7	3.1E-6	4.14E-6	1.25E-5	1.77E-5
18.4	5.13E-8	3.88E-7	3.1E-6	4.06E-6	1.25E-5	1.79E-5
19	5.38E-8	3.85E-7	3.2E-6	4.28E-6	1.3E-5	1.82E-5
19.6	5.44E-8	4E-7	3.27E-6	4.28E-6	1.3E-5	1.82E-5
20.2	5.54E-8	3.98E-7	3.26E-6	4.58E-6	1.34E-5	1.81E-5
20.8	6.02E-8	4.22E-7	3.27E-6	4.6E-6	1.35E-5	1.8E-5
21.4	5.99E-8	4.33E-7	3.35E-6	4.62E-6	1.39E-5	1.9E-5
22	6.07E-8	4.59E-7	3.45E-6	4.8E-6	1.39E-5	1.85E-5
22.6	6.07E-8	4.75E-7	3.6E-6	4.82E-6	1.4E-5	1.9E-5
23.2	5.91E-8	5E-7	3.7E-6	5.02E-6	1.42E-5	1.9E-5
23.8	6.55E-8	5.37E-7	3.8E-6	5.04E-6	1.46E-5	1.97E-5
24.4	6.83E-8	5.53E-7	3.83E-6	5.22E-6	1.48E-5	1.97E-5
25	6.83E-8	5.51E-7	3.93E-6	5.32E-6	1.51E-5	2.01E-5
25.6	7.32E-8	5.7E-7	3.98E-6	5.36E-6	1.55E-5	2.01E-5
26.2	7.6E-8	5.7E-7	3.92E-6	5.22E-6	1.55E-5	2.02E-5
26.8	8.04E-8	6.04E-7	4.1E-6	5.46E-6	1.54E-5	2.03E-5
27.4	7.95E-8	6.39E-7	4.17E-6	5.72E-6	1.59E-5	2.1E-5
28	7.88E-8	6.46E-7	4.24E-6	5.66E-6	1.63E-5	2.1E-5
28.6	8.09E-8	6.64E-7	4.37E-6	5.96E-6	1.6E-5	2.15E-5
29.2	8.39E-8	6.57E-7	4.36E-6	5.92E-6	1.62E-5	2.16E-5
29.8	8.13E-8	7.05E-7	4.48E-6	6.02E-6	1.67E-5	2.14E-5
30.5	8.49E-8	7.26E-7	4.66E-6	6.48E-6	1.68E-5	2.25E-5
31.1	8.72E-8	7.58E-7	4.66E-6	6.34E-6	1.69E-5	2.3E-5
31.7	8.83E-8	8.12E-7	4.79E-6	6.36E-6	1.7E-5	2.35E-5
32.3	9.29E-8	8.07E-7	4.83E-6	6.58E-6	1.74E-5	2.32E-5
32.9	9.5E-8	8.14E-7	4.75E-6	6.52E-6	1.72E-5	2.36E-5
33.5	1.06E-7	8.26E-7	4.92E-6	6.9E-6	1.78E-5	2.39E-5
34.1	1.08E-7	8.67E-7	5.07E-6	6.88E-6	1.83E-5	2.41E-5
34.7	1.1E-7	8.81E-7	5.15E-6	7.12E-6	1.79E-5	2.39E-5
35.3	1.13E-7	9.32E-7	5.08E-6	6.98E-6	1.83E-5	2.49E-5
35.9	1.06E-7	9.5E-7	5.15E-6	6.86E-6	1.9E-5	2.53E-5
36.5	1.08E-7	9.5E-7	5.4E-6	7.38E-6	1.88E-5	2.57E-5
37.1	1.1E-7	9.64E-7	5.31E-6	7.06E-6	1.9E-5	2.64E-5
37.7	1.1E-7	1E-6	5.48E-6	7.3E-6	1.89E-5	2.67E-5
38.3	1.15E-7	1.09E-6	5.46E-6	7.44E-6	1.92E-5	2.75E-5
38.9	1.15E-7	1.12E-6	5.61E-6	7.42E-6	1.97E-5	2.76E-5
39.5	1.23E-7	1.09E-6	5.58E-6	7.72E-6	1.95E-5	2.79E-5
40.1	1.25E-7	1.13E-6	5.76E-6	7.68E-6	2.03E-5	2.81E-5
40.7	1.21E-7	1.2E-6	5.77E-6	7.68E-6	2.04E-5	2.84E-5
41.3	1.25E-7	1.24E-6	5.8E-6	7.76E-6	2.04E-5	2.83E-5
41.9	1.26E-7	1.24E-6	5.69E-6	7.86E-6	2.09E-5	2.87E-5
42.5	1.31E-7	1.25E-6	5.83E-6	7.7E-6	2.14E-5	2.83E-5
43.1	1.39E-7	1.28E-6	5.91E-6	7.76E-6	2.17E-5	2.86E-5
43.7	1.41E-7	1.32E-6	6.15E-6	7.98E-6	2.18E-5	2.97E-5
44.3	1.45E-7	1.32E-6	6.1E-6	8.16E-6	2.21E-5	2.96E-5
44.9	1.51E-7	1.36E-6	6.14E-6	7.92E-6	2.22E-5	3.01E-5
45.5	1.62E-7	1.37E-6	6.16E-6	8.36E-6	2.25E-5	3.01E-5
46.1	1.6E-7	1.45E-6	6.26E-6	8.28E-6	2.23E-5	3.03E-5
46.7	1.61E-7	1.45E-6	6.32E-6	8.46E-6	2.23E-5	3.06E-5
47.3	1.62E-7	1.42E-6	6.42E-6	8.22E-6	2.24E-5	3.09E-5
47.9	1.66E-7	1.46E-6	6.47E-6	8.58E-6	2.29E-5	3.07E-5
48.5	1.64E-7	1.52E-6	6.42E-6	8.66E-6	2.27E-5	3.06E-5
49.1	1.7E-7	1.54E-6	6.47E-6	8.72E-6	2.38E-5	2.98E-5
49.7	1.69E-7	1.61E-6	6.52E-6	8.8E-6	2.35E-5	3.06E-5
50.4	1.78E-7	1.66E-6	6.64E-6	8.8E-6	2.35E-5	3.11E-5
51	1.83E-7	1.71E-6	6.65E-6	8.6E-6	2.38E-5	3.15E-5
51.6	1.8E-7	1.65E-6	6.58E-6	8.76E-6	2.43E-5	3.17E-5
52.2	1.91E-7	1.72E-6	6.98E-6	9.04E-6	2.44E-5	3.21E-5
52.8	1.9E-7	1.75E-6	6.87E-6	9.34E-6	2.42E-5	3.32E-5
53.4	1.93E-7	1.81E-6	6.98E-6	9.6E-6	2.43E-5	3.29E-5
54	1.96E-7	1.78E-6	6.88E-6	9.36E-6	2.41E-5	3.33E-5
54.6	1.96E-7	1.83E-6	6.94E-6	9.66E-6	2.43E-5	3.39E-5
55.2	2.02E-7	1.84E-6	7.09E-6	9.9E-6	2.48E-5	3.36E-5
55.8	2.08E-7	1.89E-6	7.2E-6	9.94E-6	2.55E-5	3.42E-5
56.4	2.14E-7	1.96E-6	7.19E-6	1.05E-5	2.56E-5	3.41E-5
57	2.09E-7	2E-6	7.54E-6	1.07E-5	2.63E-5	3.47E-5
57.6	2.16E-7	2.01E-6	7.52E-6	1.03E-5	2.61E-5	3.55E-5
58.2	2.14E-7	2.11E-6	7.41E-6	1.07E-5	2.68E-5	3.57E-5
58.8	2.17E-7	2.24E-6	7.5E-6	1.08E-5	2.69E-5	3.59E-5
59.4	2.19E-7	2.28E-6	7.37E-6	1.07E-5	2.67E-5	3.64E-5
60	2.22E-7	2.23E-6	7.5E-6	1.14E-5	2.69E-5	3.69E-5
