-10	-0.010597	-0.468	-3.61	-8.52	-32.6	-50.1
-9.8995	-0.010322	-0.436	-3.51	-8.04	-31.5	-48.8
-9.79899	-0.009908	-0.427	-3.36	-8	-29.4	-48.9
-9.69849	-0.009532	-0.41	-3.31	-7.81	-28.1	-45.8
-9.59799	-0.009254	-0.386	-3.32	-7.56	-27.1	-43.9
-9.49749	-0.009046	-0.382	-3.27	-7.61	-28.2	-45.5
-9.39698	-0.008913	-0.391	-3.22	-7.66	-28.8	-43.9
-9.29648	-0.008918	-0.391	-3.15	-7.46	-27.6	-42.7
-9.19598	-0.008689	-0.382	-3.2	-7.14	-25.9	-41.9
-9.09548	-0.008709	-0.386	-3.18	-7.3	-24.4	-41.4
-8.99497	-0.008569	-0.373	-3.14	-7.06	-26.7	-40.3
-8.89447	-0.008541	-0.386	-3.08	-6.95	-27.9	-40.5
-8.79397	-0.008493	-0.381	-3.05	-6.99	-23	-39.2
-8.69347	-0.008338	-0.396	-3.04	-6.68	-24.7	-38.2
-8.59296	-0.008329	-0.384	-3.08	-6.63	-26.2	-38.8
-8.49246	-0.008247	-0.399	-3.01	-6.73	-22.6	-38.6
-8.39196	-0.008131	-0.396	-2.97	-6.63	-25.3	-36
-8.29146	-0.008107	-0.399	-2.97	-6.48	-25.1	-36.5
-8.19095	-0.007937	-0.393	-2.93	-6.52	-21	-36.9
-8.09045	-0.007862	-0.401	-2.94	-6.28	-21.8	-36.4
-7.98995	-0.00781	-0.402	-2.91	-6.25	-23.1	-36
-7.88945	-0.007698	-0.4	-2.84	-6.32	-22.9	-35.5
-7.78894	-0.007546	-0.396	-2.83	-6.11	-21.6	-33.9
-7.68844	-0.007574	-0.392	-2.82	-5.95	-20	-34.4
-7.58794	-0.007427	-0.4	-2.83	-5.91	-21.1	-34.1
-7.48744	-0.007365	-0.396	-2.81	-5.9	-19.7	-32.9
-7.38693	-0.007259	-0.4	-2.75	-5.83	-20.6	-32.9
-7.28643	-0.007143	-0.392	-2.73	-5.74	-20.5	-32.4
-7.18593	-0.007086	-0.387	-2.69	-5.54	-18.6	-31.1
-7.08543	-0.006986	-0.383	-2.69	-5.44	-19.1	-31.2
-6.98492	-0.006887	-0.385	-2.67	-5.43	-19.1	-31.2
-6.88442	-0.00679	-0.383	-2.61	-5.4	-19.2	-30.4
-6.78392	-0.00676	-0.386	-2.57	-5.15	-18.3	-29.4
-6.68342	-0.006598	-0.385	-2.53	-5.19	-18.2	-29.3
-6.58291	-0.006419	-0.379	-2.49	-4.99	-17.2	-28.4
-6.48241	-0.006276	-0.373	-2.44	-4.84	-17.4	-28.5
-6.38191	-0.006145	-0.365	-2.43	-4.9	-17.5	-28.1
-6.28141	-0.006134	-0.365	-2.39	-4.76	-17.2	-27.4
-6.1809	-0.006021	-0.358	-2.38	-4.67	-16.7	-26.6
-6.0804	-0.005809	-0.353	-2.35	-4.58	-16.3	-26.7
-5.9799	-0.005729	-0.348	-2.3	-4.43	-15.4	-26.3
-5.8794	-0.005591	-0.342	-2.27	-4.47	-16.1	-25.8
-5.77889	-0.005523	-0.337	-2.24	-4.38	-15	-25.4
-5.67839	-0.005436	-0.327	-2.18	-4.25	-14.8	-24.9
-5.57789	-0.005265	-0.32	-2.13	-4.12	-15	-23.7
-5.47739	-0.005153	-0.314	-2.13	-4.14	-14.7	-24.2
-5.37688	-0.005006	-0.307	-2.08	-4.16	-13.1	-23.8
-5.27638	-0.00489	-0.301	-2.06	-3.94	-13.7	-22.9
-5.17588	-0.004677	-0.294	-2	-3.79	-13.7	-22.8
-5.07538	-0.004536	-0.28	-1.94	-3.68	-13.1	-22.3
-4.97487	-0.004509	-0.28	-1.89	-3.64	-12.8	-21.7
-4.87437	-0.004335	-0.263	-1.86	-3.58	-12.1	-21.2
-4.77387	-0.004176	-0.258	-1.77	-3.48	-12.3	-20.6
-4.67337	-0.004096	-0.252	-1.74	-3.39	-12.3	-20.1
-4.57286	-0.003852	-0.243	-1.7	-3.3	-12.3	-20.2
-4.47236	-0.003791	-0.238	-1.66	-3.27	-11.4	-19.5
-4.37186	-0.003612	-0.228	-1.63	-3.19	-11	-18.4
-4.27136	-0.003447	-0.22	-1.57	-3.09	-10.9	-18.3
-4.17085	-0.003359	-0.216	-1.53	-2.95	-10.9	-18.1
-4.07035	-0.003284	-0.208	-1.49	-2.86	-10.5	-17.6
-3.96985	-0.003072	-0.199	-1.46	-2.86	-9.87	-17.3
-3.86935	-0.00294	-0.191	-1.4	-2.78	-10.2	-16.6
-3.76884	-0.002799	-0.182	-1.35	-2.7	-9.8	-16.3
-3.66834	-0.0027	-0.176	-1.32	-2.63	-9.31	-15.4
-3.56784	-0.002534	-0.168	-1.27	-2.52	-9.44	-15.3
-3.46734	-0.002418	-0.162	-1.23	-2.45	-8.82	-14.9
-3.36683	-0.002301	-0.153	-1.19	-2.38	-8.71	-14.4
-3.26633	-0.002213	-0.146	-1.15	-2.32	-8.12	-13.6
-3.16583	-0.002081	-0.138	-1.12	-2.22	-7.87	-13.3
-3.06533	-0.001982	-0.133	-1.07	-2.15	-8.21	-12.9
-2.96482	-0.001854	-0.125	-1.03	-2.07	-7.48	-12.8
-2.86432	-0.001795	-0.118	-1	-2.02	-7.27	-12.4
-2.76382	-0.001677	-0.109	-0.947	-1.88	-6.64	-11.8
-2.66332	-0.001584	-0.104	-0.923	-1.82	-6.42	-11.1
-2.56281	-0.001501	-0.0977	-0.884	-1.74	-6.81	-11.1
-2.46231	-0.001399	-0.0928	-0.848	-1.68	-6.32	-10.7
-2.36181	-0.001286	-0.0853	-0.799	-1.64	-5.68	-10.2
-2.26131	-0.001156	-0.0812	-0.759	-1.54	-5.57	-9.57
-2.1608	-0.001093	-0.0757	-0.711	-1.44	-5.55	-8.93
-2.0603	-0.001005	-0.0703	-0.685	-1.39	-5.17	-8.66
-1.9598	-9.13E-4	-0.0658	-0.644	-1.29	-4.9	-8.34
-1.8593	-8.42E-4	-0.0597	-0.608	-1.23	-4.58	-7.77
-1.75879	-7.74E-4	-0.0552	-0.572	-1.15	-4.24	-7.26
-1.65829	-6.99E-4	-0.0478	-0.541	-1.07	-4.2	-6.82
-1.55779	-6E-4	-0.0443	-0.495	-0.985	-3.96	-6.33
-1.45729	-5.36E-4	-0.0397	-0.456	-0.931	-3.58	-5.86
-1.35678	-4.7E-4	-0.0347	-0.423	-0.886	-3.22	-5.55
-1.25628	-4.06E-4	-0.0281	-0.386	-0.802	-3.01	-5.07
-1.15578	-3.4E-4	-0.0242	-0.349	-0.713	-2.86	-4.5
-1.05528	-2.62E-4	-0.0196	-0.306	-0.661	-2.66	-4.27
-0.954774	-2.01E-4	-0.0152	-0.275	-0.592	-2.26	-3.86
-0.854271	-1.4E-4	-0.0093	-0.242	-0.529	-2.01	-3.48
-0.75377	-7.4E-5	-0.0057	-0.206	-0.461	-1.76	-2.93
-0.653266	-2.1E-5	-0.0013	-0.175	-0.388	-1.51	-2.53
-0.552764	2.6E-5	0.0029	-0.145	-0.33	-1.28	-2.16
-0.452261	6.5E-5	0.0057	-0.111	-0.259	-1.02	-1.75
-0.351759	9.5E-5	0.0086	-0.0818	-0.195	-0.775	-1.37
-0.251256	1.2E-4	0.0116	-0.0515	-0.13	-0.533	-0.941
-0.150754	1.39E-4	0.013	-0.0212	-0.0656	-0.309	-0.527
-0.0502515	1.52E-4	0.0145	0.00735	-0.0022	-0.075	-0.142
0.0502513	1.6E-4	0.016	0.0362	0.0616	0.163	0.246
0.1507538	1.77E-4	0.0173	0.0654	0.126	0.393	0.644
0.251256	1.98E-4	0.0196	0.096	0.197	0.629	1.08
0.351759	2.25E-4	0.0212	0.126	0.258	0.869	1.45
0.452261	2.51E-4	0.0249	0.158	0.331	1.1	1.85
0.552764	2.82E-4	0.0276	0.192	0.4	1.41	2.34
0.653266	3.19E-4	0.0322	0.223	0.471	1.67	2.79
0.753769	3.58E-4	0.0356	0.257	0.547	1.86	3.19
0.854271	3.98E-4	0.0403	0.287	0.626	2.17	3.57
0.954774	4.18E-4	0.0408	0.326	0.713	2.41	4.08
1.05528	4.93E-4	0.0458	0.36	0.78	2.64	4.53
1.15578	5.29E-4	0.0486	0.402	0.855	2.93	5
1.25628	5.68E-4	0.0526	0.44	0.948	3.21	5.38
1.35678	6.32E-4	0.0564	0.462	0.993	3.35	5.67
1.45729	6.69E-4	0.0606	0.51	1.1	3.95	6.14
1.55779	7.33E-4	0.0668	0.542	1.16	3.85	6.73
1.65829	8.06E-4	0.0731	0.587	1.24	4.35	7.23
1.75879	8.58E-4	0.0776	0.626	1.33	4.51	7.69
1.8593	9.46E-4	0.0802	0.671	1.42	4.67	7.92
1.9598	0.00102	0.0864	0.705	1.49	5.27	8.41
2.0603	0.001101	0.0926	0.751	1.56	5.33	9.01
2.1608	0.001155	0.0976	0.783	1.64	5.58	9.55
2.26131	0.001227	0.102	0.837	1.75	5.96	9.98
2.36181	0.001316	0.108	0.878	1.83	6.11	10.3
2.46231	0.001406	0.112	0.92	1.9	6.83	10.9
2.56281	0.001518	0.12	0.965	2.01	6.43	11.4
2.66332	0.001586	0.129	1.01	2.14	7.43	12
2.76382	0.001671	0.13	1.07	2.24	7.54	12.4
2.86432	0.001751	0.136	1.12	2.35	7.56	12.7
2.96482	0.001815	0.144	1.17	2.45	8.2	13.4
3.06533	0.001873	0.148	1.22	2.49	8.58	13.9
3.16583	0.002012	0.156	1.27	2.66	9.04	14.6
3.26633	0.002074	0.162	1.34	2.8	9.63	15.3
3.36683	0.002119	0.166	1.44	2.94	9.77	15.8
3.46734	0.002252	0.174	1.48	3.07	10.2	16.4
3.56784	0.002357	0.178	1.58	3.19	10.6	17.1
3.66834	0.00241	0.187	1.62	3.33	11.1	17.9
3.76884	0.002522	0.191	1.66	3.5	11.6	18.4
3.86935	0.002601	0.197	1.79	3.69	12	19
3.96985	0.00273	0.203	1.81	3.73	12.5	19.6
4.07035	0.002794	0.21	1.94	3.88	13	20.3
4.17085	0.002902	0.221	1.98	4.07	13.4	21.2
4.27136	0.003079	0.225	2.06	4.2	13.7	22.1
4.37186	0.003018	0.237	2.11	4.39	14.9	23.1
4.47236	0.003224	0.246	2.22	4.56	14.7	23.7
4.57286	0.003377	0.255	2.36	4.64	15.4	24.1
4.67337	0.003479	0.268	2.43	4.88	16.3	25.5
4.77387	0.003662	0.277	2.54	5.09	16.3	26
4.87437	0.003817	0.295	2.67	5.3	17.1	27
4.97487	0.003928	0.308	2.78	5.54	17.6	27.3
5.07538	0.004168	0.323	2.88	5.77	18	28.2
5.17588	0.004329	0.341	3.07	5.88	18.8	29
5.27638	0.004552	0.355	3.17	6.11	19.4	29.5
5.37688	0.004766	0.375	3.31	6.52	20.2	30.5
5.47739	0.00501	0.397	3.44	6.72	20.8	31.9
5.57789	0.005301	0.412	3.61	6.98	21.7	32.7
5.67839	0.005506	0.429	3.76	7.28	22.6	33.9
5.77889	0.005704	0.452	3.94	7.57	23.3	35.8
5.8794	0.006008	0.479	4.15	7.96	23.6	35.6
5.9799	0.006289	0.49	4.37	8.29	24.6	37.4
6.0804	0.006682	0.516	4.5	8.56	25.7	38.3
6.1809	0.006979	0.54	4.68	8.84	26.6	39.3
6.28141	0.007407	0.577	4.9	9.2	27.4	40.6
6.38191	0.007903	0.603	5.09	9.69	28	41.9
6.48241	0.008312	0.641	5.28	10.1	29.2	42.8
6.58291	0.008764	0.67	5.51	10.5	30.1	44
6.68342	0.009437	0.706	5.76	10.8	31.8	46.1
6.78392	0.009935	0.749	6.04	11.3	30.6	47.5
6.88442	0.010409	0.787	6.19	11.6	32.9	48.5
6.98492	0.011176	0.832	6.53	12.1	34.4	49.7
7.08543	0.011522	0.88	6.77	12.6	34.2	52.1
7.18593	0.012307	0.934	7.05	13.1	35.6	53.9
7.28643	0.013212	1.01	7.39	13.6	36.8	56.2
7.38693	0.01372	1.07	7.66	14.2	37.2	57
7.48744	0.014565	1.12	7.96	14.6	38	58.3
7.58794	0.015137	1.21	8.22	15.3	39.7	59.9
7.68844	0.016125	1.27	8.61	15.9	39.2	61.7
7.78894	0.016759	1.37	8.91	16.5	40.2	64.5
7.88945	0.018223	1.44	9.33	17.2	43.9	65.4
7.98995	0.019124	1.56	9.77	17.6	45.2	68
8.09045	0.020147	1.67	10	18.5	45.4	69.6
8.19095	0.021341	1.75	10.4	19	45.8	71.2
8.29146	0.022406	1.83	10.7	19.3	46.8	72.9
8.39196	0.02422	1.94	11.3	20.2	49.2	74.8
8.49246	0.025473	2.06	11.9	20.6	50.7	78.1
8.59296	0.027132	2.13	12.1	21.3	52.1	79.5
8.69347	0.027699	2.25	12.7	21.8	52.9	80.4
8.79397	0.029189	2.4	12.9	22.3	53.9	82.5
8.89447	0.030929	2.52	13.3	23.3	56	84.3
8.99497	0.032263	2.68	14.1	24.2	58	86.3
9.09548	0.033891	2.87	14.3	24.5	58.6	88.6
9.19598	0.036021	2.97	15	25.7	60.9	91.1
9.29648	0.037038	3.18	15.5	26.1	62.4	93.1
9.39698	0.039465	3.4	16.1	27.3	63.1	95.1
9.49749	0.040722	3.56	16.6	28.4	64.2	97.6
9.59799	0.043778	3.73	17.1	28.7	69	101
9.69849	0.045843	3.94	17.8	29.8	68.3	104
9.79899	0.046469	4.18	18.3	30.5	72	106
9.8995	0.050888	4.4	18.9	31.8	71.4	109
10	0.053422	4.59	19.6	32.4	75.8	111
