7.20000000000001E-9	0.0677176534910655	26.7843822579493	125.283239710012
7.26668777510676E-9	0.0676268239295921	26.6061785340542	124.278926041852
7.33399322512305E-9	0.0675361161976391	26.429160447629	123.282663298514
7.40192207107182E-9	0.0674455301317965	26.2533201103075	122.294386941003
7.47048008696534E-9	0.067355065568874	26.0786496862071	121.314032947698
7.53967310029576E-9	0.0672647223458999	25.9051413915793	120.341537810193
7.60950699253061E-9	0.0671745003001211	25.7327874944632	119.37683852919
7.6799876996127E-9	0.0670843992690029	25.5615803143406	118.419872610413
7.75112121246467E-9	0.0669944190902286	25.3915122217937	117.470578060563
7.82291357749828E-9	0.066904559601699	25.2225756381654	116.528893383301
7.89537089712824E-9	0.0668148206415328	25.0547630352219	115.594757575262
7.96849933029103E-9	0.0667252020480653	24.8880669348159	114.668110122106
8.04230509296835E-9	0.0666357036598489	24.7224799085548	113.748890994599
8.1167944587155E-9	0.0665463253156526	24.5579945774693	112.837040644719
8.19197375919474E-9	0.0664570668544616	24.3946036116836	111.932500001801
8.26784938471329E-9	0.0663679281154769	24.2322997300903	111.035210468714
8.34442778476665E-9	0.0662789089381154	24.0710757000247	110.14511391806
8.4217154685868E-9	0.0661900091620094	23.9109243369434	109.262152688411
8.49971900569539E-9	0.0661012286270062	23.7518385041033	108.386269580572
8.57844502646239E-9	0.0660125671731679	23.5938111122441	107.517407853876
8.65790022266938E-9	0.0659240246407711	23.4368351192723	106.65551122251
8.73809134807855E-9	0.0658356008703067	23.2809035299475	105.800523851868
8.81902521900673E-9	0.0657472957024796	23.1260093955701	104.952390354931
8.90070871490473E-9	0.0656591089782085	22.9721458136726	104.111055788685
8.98314877894226E-9	0.0655710405386248	22.819305927711	103.276465650554
9.0663524185979E-9	0.0654830902250739	22.6674829267602	102.448565874878
9.15032670625484E-9	0.0653952578791133	22.5166700452095	101.627302829401
9.23507877980206E-9	0.0653075433425136	22.3668605624622	100.812623311807
9.32061584324099E-9	0.065219946457257	22.218047802635	100.004474546263
9.40694516729799E-9	0.0651324670655382	22.0702251342616	99.2028041800085
9.4940740900422E-9	0.0650451050097632	21.923385969996	98.4075602799604
9.58201001750936E-9	0.0649578601325495	21.7775237663201	97.6186913293481
9.67076042433134E-9	0.0648707322767259	21.6326320232516	96.8361462243784
9.76033285437145E-9	0.0647837212853317	21.4887042840538	96.0598742709226
9.8507349213658E-9	0.0646968270016168	21.3457341349492	95.2898251812347
9.94197430957028E-9	0.0646100492690415	21.2037152048321	94.5259490706908
1.00340587744138E-8	0.064523387931276	21.062641164986	93.768196454562
1.01269961431577E-8	0.0644368428322001	20.922505728801	93.0165182448042
1.02207943155607E-8	0.0643504138159031	20.7833026514935	92.27086574688
1.03154612645508E-8	0.0642641007266834	20.6450257298284	91.5311906566053
1.04110050369026E-8	0.0641779034090482	20.5076688018421	90.7974450570181
1.05074337539215E-8	0.0640918217077132	20.3712257465683	90.0695814152752
1.0604755612134E-8	0.0640058554676026	20.2356904837655	89.3475525795742
1.07029788839846E-8	0.0639200045338485	20.1010569736451	88.6313117760966
1.08021119185384E-8	0.0638342687517906	19.9673192166033	87.9208126059794
1.09021631421913E-8	0.0637486479669762	19.834471252953	87.2160090423087
1.10031410593863E-8	0.0636631420251597	19.7025071626588	86.516855427139
1.11050542533357E-8	0.0635777507723024	19.5714210650725	85.8233064685336
1.12079113867517E-8	0.0634924740545722	19.4412071186718	85.1353172376322
1.13117212025817E-8	0.0634073117183433	19.3118595207994	84.4528431657394
1.14164925247522E-8	0.0633222636101962	19.1833725074048	83.7758400414387
1.15222342589187E-8	0.0632373295769168	19.0557403527872	83.1042640077262
1.16289553932223E-8	0.0631525094654968	18.9289573693404	82.438071559172
1.17366649990542E-8	0.0630678031231329	18.8030179072994	81.7772195390999
1.18453722318264E-8	0.062983210397227	18.6779163544887	81.1216651367934
1.19550863317502E-8	0.0628987311353855	18.553647136072	80.4713658847207
1.20658166246215E-8	0.0628143651854193	18.430204714304	79.8262796557846
1.21775725226135E-8	0.0627301123953434	18.3075835882834	79.1863646605936
1.22903635250766E-8	0.0626459726133766	18.185778293708	78.5515794447539
1.24041992193461E-8	0.0625619456879414	18.0647834026309	77.9218828861843
1.2519089281557E-8	0.0624780314676634	17.944593523219	77.2972341924534
1.26350434774667E-8	0.0623942298013716	17.8252032995124	76.6775928981348
1.27520716632846E-8	0.0623105405380974	17.7066074111859	76.0629188621877
1.28701837865105E-8	0.0622269635270749	17.5888005733118	75.4531722653549
1.29893898867796E-8	0.0621434986177404	17.4717775361245	74.8483136075854
1.31097000967161E-8	0.062060145659732	17.3555330847866	74.248303705473
1.32311246427949E-8	0.0619769045028896	17.2400620391561	73.6531036897198
1.33536738462098E-8	0.0618937749972547	17.1253592535562	73.0626750026175
1.34773581237522E-8	0.0618107569930695	17.0114196165457	72.4769793955499
1.36021879886952E-8	0.0617278503407775	16.8982380506908	71.8959789265142
1.37281740516882E-8	0.0616450548910225	16.7858095123398	71.3196359576649
1.38553270216584E-8	0.0615623704946489	16.6741289913972	70.7479131528731
1.3983657706721E-8	0.0614797970027008	16.5631915111016	70.1807734753106
1.41131770150982E-8	0.0613973342664224	16.4529921278028	69.6181801850482
1.4243895956046E-8	0.0613149821372573	16.3435259307425	69.0600968366768
1.43758256407905E-8	0.0612327404668485	16.2347880418345	68.5064872769466
1.4508977283472E-8	0.0611506091070378	16.1267736154484	67.9573156424246
1.46433622020983E-8	0.0610685879098657	16.0194778381925	67.4125463571711
1.47789918195066E-8	0.0609866767275714	15.9128959287004	66.8721441304359
1.49158776643349E-8	0.0609048754125922	15.8070231374171	66.3360739543715
1.50540313720014E-8	0.0608231838175631	15.7018547463878	65.8043011017652
1.51934646856939E-8	0.060741601795317	15.5973860690475	65.2767911237895
1.53341894573678E-8	0.0606601291988842	15.4936124500123	64.7535098477713
1.54762176487535E-8	0.060578765881492	15.3905292648715	64.2344233749766
1.56195613323734E-8	0.0604975116965646	15.2881319199821	63.7194980784157
1.57642326925677E-8	0.0604163664977228	15.186415852264	63.2087006006645
1.59102440265305E-8	0.060335330138784	15.0853765289961	62.7019978517037
1.60576077453548E-8	0.0602544024737612	14.9850094476151	62.1993570067744
1.62063363750873E-8	0.0601735833568636	14.8853101355141	61.7007455042527
1.63564425577938E-8	0.0600928726424956	14.786274149844	61.2061310435398
1.65079390526327E-8	0.0600122701852573	14.687897077315	60.7154815829703
1.66608387369407E-8	0.0599317758399436	14.5901745340002	60.2287653377347
1.68151546073267E-8	0.0598513894615441	14.4931021651399	59.7459507778222
1.69708997807765E-8	0.059771110905243	14.3966756449482	59.2670066259772
1.71280874957681E-8	0.0596909400264187	14.3008906764196	58.7919018556737
1.72867311133967E-8	0.0596108766806437	14.2057429911375	58.3206056891045
1.74468441185107E-8	0.059530920723684	14.1112283490847	57.8530875951883
1.76084401208576E-8	0.0594510720114992	14.0173425384536	57.3893172875916
1.7771532856241E-8	0.0593713304002422	13.9240813754592	56.9292647227663
1.79361361876881E-8	0.0592916957462586	13.8314407041521	56.4729000980036
1.81022641066282E-8	0.0592121679060868	13.7394163962335	56.0201938495042
1.82699307340817E-8	0.0591327467364578	13.6480043508717	55.5711166504616
1.84391503218609E-8	0.0590534320942945	13.5572004945185	55.1256394091636
1.86099372537809E-8	0.0589742238367117	13.4670007807283	54.6837332671068
1.87823060468824E-8	0.0588951218210161	13.3774011899776	54.2453695971282
1.89562713526658E-8	0.0588161259047057	13.2883977294859	53.8105200015493
1.91318479583365E-8	0.0587372359454694	13.1999864330376	53.3791563103374
1.93090507880618E-8	0.0586584518011873	13.1121633608055	52.9512505792807
1.94878949042394E-8	0.0585797733299301	13.0249245991753	52.5267750881779
1.9668395508778E-8	0.0585012003899586	12.9382662605707	52.105702339042
1.9850567944389E-8	0.058422732839724	12.8521844832807	51.6880050543196
2.00344276958913E-8	0.0583443705378671	12.7666754312873	51.2736561751234
2.02199903915269E-8	0.0582661133432186	12.6817352940945	50.8626288594797
2.04072718042895E-8	0.0581879611147983	12.5973602865586	50.4548964805894
2.05962878532654E-8	0.0581099137118152	12.5135466487196	50.0504326251026
2.07870546049865E-8	0.0580319709936673	12.4302906456331	49.6492110914083
2.09795882747961E-8	0.0579541328199408	12.3475885672049	49.2512058879366
2.11739052282269E-8	0.0578763990504105	12.2654367280246	48.8563912314744
2.13700219823924E-8	0.0577987695450394	12.183831467202	48.4647415454969
2.15679552073907E-8	0.0577212441639781	12.1027691482038	48.0762314585087
2.17677217277216E-8	0.0576438227675648	12.0222461586914	47.6908358024009
2.19693385237167E-8	0.0575665052163252	11.9422589103603	47.3085296108215
2.21728227329825E-8	0.0574892913709718	11.8628038387799	46.929288117557
2.23781916518573E-8	0.0574121810924043	11.7838774032345	46.5530867549285
2.25854627368816E-8	0.0573351742417085	11.7054760865658	46.1799011522
2.27946536062814E-8	0.0572582706801571	11.6275963950165	45.809707134
2.30057820414664E-8	0.0571814702692083	11.5502348580736	45.4424807187548
2.32188659885408E-8	0.0571047728705066	11.4733880283148	45.0781981171352
2.34339235598293E-8	0.0570281783458817	11.3970524812544	44.716835730516
2.36509730354164E-8	0.0569516865573488	11.3212248151903	44.3583701494461
2.38700328646999E-8	0.0568752973671083	11.2459016510535	44.002778152133
2.40911216679598E-8	0.0567990106375452	11.1710796322564	43.6500367029382
2.43142582379407E-8	0.0567228262312292	11.0967554245437	43.3001229508843
2.45394615414489E-8	0.0566467440109144	11.022925715844	42.9530142281759
2.47667507209651E-8	0.0565707638395389	10.9495872161219	42.6086880487299
2.49961450962713E-8	0.0564948855802245	10.8767366572315	42.2671221067197
2.52276641660929E-8	0.0564191090962768	10.8043707927707	41.9282942751296
2.54613276097564E-8	0.0563434342511849	10.7324863979368	41.5921826043223
2.56971552888617E-8	0.0562678609086205	10.6610802693823	41.2587653206157
2.5935167248971E-8	0.0561923889324386	10.5901492250725	40.9280208248734
2.61753837213119E-8	0.0561170181866766	10.5196901041439	40.5999276911051
2.6417825124498E-8	0.0560417485355544	10.4496997667628	40.2744646650786
2.66625120662635E-8	0.0559665798434739	10.3801750939856	39.9516106629427
2.69094653452157E-8	0.055891511975019	10.3111129876202	39.6313447698622
2.71587059526024E-8	0.055816544794955	10.2425103700873	39.3136462386619
2.74102550740965E-8	0.055741678168229	10.1743641842839	38.9984944884836
2.76641340915965E-8	0.0556669119599687	10.1066713934462	38.6858691034515
2.79203645850442E-8	0.0555922460354832	10.0394289810153	38.3757498313514
2.81789683342588E-8	0.055517680260262	9.97263395050214	38.0681165823178
2.84399673207887E-8	0.0554432144999752	9.90628332535402	37.7629494275318
2.87033837297792E-8	0.0553688486204727	9.84037414882215	37.4602285979313
2.89692399518589E-8	0.0552945824877848	9.77490348382967	37.1599344829297
2.92375585850427E-8	0.0552204159681213	9.70986841284106	36.8620476291457
2.95083624366523E-8	0.0551463489278713	9.64526603773177	36.5665487391429
2.97816745252556E-8	0.0550723812336033	9.58109347965935	36.2734186701798
3.00575180826226E-8	0.0549985127520647	9.5173478789351	35.9826384329699
3.03359165557005E-8	0.0549247433501817	9.45402639489651	35.6941891904512
3.06168936086066E-8	0.054851072895059	9.3911262057808	35.4080522565661
3.09004731246396E-8	0.0547775012539793	9.3286445085992	35.1242090950509
3.11866792083101E-8	0.0547040282944037	9.26657851901187	34.8426413182352
3.14755361873893E-8	0.0546306538839709	9.20492547120403	34.5633306858502
3.17670686149766E-8	0.0545573778904969	9.14368261776252	34.2862591038473
3.20613012715872E-8	0.0544842001819754	9.08284722955358	34.0114086232266
3.23582591672579E-8	0.054411120626577	9.02241659560103	33.738761438873
3.26579675436734E-8	0.0543381390926489	8.96238802296552	33.4682998884035
3.29604518763117E-8	0.0542652554487154	8.90275883662466	33.2000064510231
3.32657378766095E-8	0.0541924695634765	8.84352637935358	32.9338637463891
3.35738514941477E-8	0.0541197813058088	8.78468801160679	32.6698545334862
3.38848189188573E-8	0.0540471905447647	8.72624111140026	32.4079617095085
3.41986665832453E-8	0.0539746971495721	8.66818307419481	32.1481683087522
3.45154211646416E-8	0.0539023009896343	8.61051131277996	31.8904575015168
3.48351095874669E-8	0.0538300019345299	8.55322325715859	31.634812593014
3.51577590255208E-8	0.0537577998540123	8.49631635443251	31.3812170222868
3.54833969042917E-8	0.0536856946180098	8.43978806868867	31.1296543611369
3.58120509032885E-8	0.0536136860966249	8.38363588088609	30.8801083130596
3.61437489583926E-8	0.0535417741601346	8.32785728874364	30.6325627121891
3.64785192642332E-8	0.0534699586789896	8.27244980662857	30.3870015222502
3.68163902765832E-8	0.0533982395238147	8.21741096544575	30.1434088355206
3.71573907147786E-8	0.0533266165654079	8.16273831252753	29.9017688717994
3.75015495641592E-8	0.0532550896747407	8.10842941152454	29.6620659773852
3.78488960785327E-8	0.0531836587229577	8.05448184229718	29.4242846240624
3.8199459782661E-8	0.0531123235813762	8.00089320080757	29.1884094080948
3.85532704747701E-8	0.0530410841214861	7.9476610990126	28.9544250492274
3.89103582290826E-8	0.0529699402149499	7.89478316475752	28.7223163896979
3.92707533983749E-8	0.0528988917336018	7.84225704167002	28.4920683932529
3.96344866165558E-8	0.0528279385494484	7.79008038905551	28.2636661441757
4.0001588801272E-8	0.0527570805346677	7.73825088179261	28.0370948463184
4.03720911565347E-8	0.0526863175616091	7.68676621022958	27.8123398221444
4.0746025175373E-8	0.0526156495027935	7.63562408008146	27.5893865117774
4.11234226425104E-8	0.0525450762309124	7.58482221232778	27.3682204720579
4.15043156370663E-8	0.0524745976188284	7.53435834311095	27.1488273756079
4.18887365352836E-8	0.0524042135395744	7.48423022363554	26.9311930099025
4.22767180132795E-8	0.0523339238663538	7.43443562006789	26.7153032763494
4.2668293049824E-8	0.0522637284725399	7.38497231343664	26.5011441893754
4.30634949291429E-8	0.0521936272316759	7.33583809953385	26.2887018755205
4.34623572437463E-8	0.0521236200174747	7.28703078881683	26.0779625725391
4.38649138972852E-8	0.0520537067038184	7.23854820631041	25.8689126285087
4.42711991074323E-8	0.0519838871647584	7.19038819151016	25.661538500945
4.46812474087909E-8	0.0519141612745151	7.14254859828613	25.4558267559252
4.50950936558306E-8	0.0518445289074774	7.09502729478704	25.2517640672174
4.55127730258497E-8	0.0517749899382029	7.04782216334549	25.0493372154173
4.59343210219653E-8	0.0517055442414173	7.0009311003834	24.8485330870917
4.63597734761311E-8	0.0516361916920144	6.95435201631845	24.6493386739298
4.67891665521833E-8	0.0515669321650558	6.90808283547084	24.4517410718994
4.72225367489144E-8	0.0514977655357706	6.86212149597083	24.2557274804116
4.76599209031756E-8	0.0514286916795555	6.81646594966683	24.0612852014915
4.81013561930085E-8	0.0513597104719739	6.77111416203419	23.8684016389555
4.85468801408042E-8	0.0512908217887566	6.72606411208448	23.6770642975953
4.89965306164935E-8	0.0512220255058007	6.68131379227548	23.4872607823687
4.94503458407663E-8	0.05115332149917	6.63686120842165	23.2989787975961
4.99083643883189E-8	0.0510847096450944	6.59270437960534	23.1122061461646
5.03706251911348E-8	0.0510161898199698	6.54884133808847	22.9269307287375
5.08371675417921E-8	0.050947761900358	6.50527012922481	22.7431405429704
5.13080310968046E-8	0.0508794257629862	6.461988811373	22.5608236827341
5.17832558799926E-8	0.0508111812847473	6.4189954558099	22.3799683373429
5.22628822858842E-8	0.0507430283426988	6.37628814664466	22.2005627907896
5.27469510831497E-8	0.0506749668140635	6.33386498073338	22.0225954209864
5.32355034180664E-8	0.0506069965762288	6.29172406759437	21.8460546990126
5.3728580818016E-8	0.0505391175067464	6.2498635293237	21.670929188367
5.42262251950156E-8	0.0504713294833325	6.20828150051172	21.4972075442272
5.47284788492784E-8	0.0504036323838672	6.16697612815986	21.3248785127152
5.5235384472811E-8	0.0503360260863942	6.12594557159798	21.1539309301678
5.57469851530413E-8	0.050268510469121	6.08518800240248	20.9843537224133
5.62633243764808E-8	0.0502010854104186	6.04470160431477	20.8161359040549
5.6784446032422E-8	0.0501337507888208	6.00448457316022	20.649266577758
5.7310394416668E-8	0.0500665064830245	5.96453511676798	20.4837349335453
5.78412142352982E-8	0.0499993523718893	5.92485145489093	20.3195302480957
5.83769506084683E-8	0.0499322883344372	5.88543181912639	20.1566418840498
5.89176490742453E-8	0.0498653142498527	5.84627445283743	19.9950592893214
5.94633555924788E-8	0.0497984299974821	5.8073776110744	19.834771996413
6.00141165487071E-8	0.0497316354568335	5.76873956049734	19.6757696217385
6.05699787581001E-8	0.049664930507577	5.73035857929866	19.51804186495
6.11309894694391E-8	0.0495983150295436	5.69223295712637	19.3615785082709
6.16971963691322E-8	0.0495317889027258	5.65436099500799	19.2063694158337
6.22686475852685E-8	0.049465352007277	5.61674100527467	19.0524045330235
6.28453916917085E-8	0.0493990042235113	5.57937131148617	18.8996738858269
6.34274777122128E-8	0.0493327454319034	5.54225024835602	18.7481675801853
6.40149551246101E-8	0.0492665755130883	5.50537616167731	18.5978758013544
6.46078738650014E-8	0.049200494347861	5.4687474082491	18.4487888132685
6.52062843320062E-8	0.0491345018171766	5.43236235580304	18.3008969579092
6.5810237391045E-8	0.0490685978021496	5.3962193829307	18.1541906546803
6.64197843786637E-8	0.0490027821840543	5.36031687901138	18.008660399787
6.70349771068975E-8	0.0489370548443239	5.32465324414023	17.8642967656202
6.76558678676739E-8	0.0488714156645509	5.28922688905699	17.7210904001455
6.82825094372588E-8	0.0488058645264865	5.2540362350752	17.5790320262981
6.89149550807416E-8	0.0487404013120405	5.21907971401182	17.438112441381
6.95532585565631E-8	0.0486750259032811	5.18435576811735	17.2983225164692
7.01974741210856E-8	0.0486097381824347	5.14986285000645	17.1596531958185
7.08476565332033E-8	0.0485445380318857	5.11559942258888	17.0220954962786
7.15038610589987E-8	0.0484794253341762	5.08156395900114	16.885640506711
7.21661434764385E-8	0.0484143999720058	5.04775494253836	16.7502793874124
7.28345600801158E-8	0.0483494618282317	5.01417086658669	16.6160033695413
7.35091676860355E-8	0.0482846107858678	4.98081023455618	16.4828037545502
7.41900236364425E-8	0.0482198467280853	4.94767155981417	16.3506719136225
7.48771858046967E-8	0.0481551695382119	4.91475336561887	16.2195992871129
7.55707126001926E-8	0.0480905790997318	4.88205418505371	16.0895773839931
7.62706629733227E-8	0.0480260752962856	4.84957256096193	15.9605977813021
7.69770964204904E-8	0.0479616580116698	4.81730704588155	15.8326521236001
7.76900729891655E-8	0.047897327129837	4.78525620198101	15.7057321224272
7.84096532829887E-8	0.0478330825348951	4.75341860099504	15.579829555767
7.9135898466924E-8	0.0477689241111078	4.72179282416094	15.4549362675134
7.98688702724561E-8	0.0477048517428938	4.69037746215548	15.3310441669427
8.06086310028394E-8	0.0476408653148271	4.65917111503202	15.2081452281889
8.13552435383922E-8	0.0475769647116361	4.62817239215812	15.0862314897242
8.21087713418425E-8	0.0475131498182042	4.59737991215363	14.9652950538434
8.28692784637225E-8	0.047449420519569	4.56679230282908	14.8453280861517
8.36368295478122E-8	0.0473857767009225	4.53640820112453	14.7263228150577
8.44114898366353E-8	0.0473222182476104	4.50622625304886	14.6082715312697
8.51933251770035E-8	0.0472587450451324	4.47624511361944	14.4911665872965
8.59824020256144E-8	0.0471953569791416	4.44646344680213	14.3750003969515
8.67787874547009E-8	0.0471320539354448	4.4168799254518	14.2597654348619
8.75825491577306E-8	0.0470688358000016	4.38749323125322	14.1454542359808
8.83937554551621E-8	0.0470057024589248	4.35830205466219	14.0320593951035
8.92124753002502E-8	0.0469426537984798	4.32930509484731	13.9195735663882
9.00387782849083E-8	0.0468796897050846	4.30050105963197	13.8079894628798
9.08727346456236E-8	0.0468168100653098	4.27188866543672	13.6972998560381
9.17144152694266E-8	0.0467540147658776	4.24346663722214	13.5874975752691
9.25638916999175E-8	0.0466913036936627	4.21523370843197	13.478575507461
9.34212361433466E-8	0.0466286767356912	4.18718862093672	13.3705265965229
9.42865214747522E-8	0.0465661337791409	4.15933012497756	13.2633438429284
9.51598212441558E-8	0.0465036747113407	4.13165697911065	13.1570203032612
9.60412096828123E-8	0.0464412994197709	4.10416795015178	13.0515490897662
9.69307617095217E-8	0.0463790077920625	4.07686181312148	12.9469233699026
9.78285529369954E-8	0.0463167997159974	4.04973735119039	12.843136365902
9.87346596782842E-8	0.046254675079508	4.02279335562505	12.7401813543286
9.96491589532657E-8	0.0461926337706768	3.996028625734	12.638051665644
1.00572128495189E-7	0.0461306756777366	3.96944196881435	12.5367406837754
1.01503646757286E-7	0.0460688006890702	3.94303220009857	12.4362418456865
1.02443792919434E-7	0.0460070086932099	3.91679814270167	12.3365486409524
1.03392646894891E-7	0.0459452995788376	3.89073862756884	12.2376546113385
1.04350289337088E-7	0.0458836732347845	3.86485249342331	12.1395533503812
1.05316801646481E-7	0.045822129550031	3.83913858671454	12.0422385029735
1.06292265977476E-7	0.0457606684137063	3.81359576156692	11.9457037649529
1.07276765245406E-7	0.0456992897150884	3.78822287972869	11.8499428826938
1.08270383133581E-7	0.0456379933436036	3.7630188105211	11.7549496527012
1.09273204100405E-7	0.0455767791888268	3.73798243078817	11.6607179212098
1.1028531338655E-7	0.045515647140481	3.71311262484659	11.567241583785
1.11306797022203E-7	0.0454545970884367	3.68840828443594	11.4745145849272
1.12337741834379E-7	0.0453936289227126	3.66386830866941	11.38253091768
1.13378235454302E-7	0.0453327425334747	3.63949160398465	11.291284623241
1.14428366324855E-7	0.0452719378110364	3.61527708409509	11.2007697905751
1.15488223708091E-7	0.0452112146458581	3.59122366994153	11.1109805560325
1.1655789769283E-7	0.0451505729285473	3.56733028964401	11.0219111029684
1.1763747920231E-7	0.045090012549858	3.54359587845409	10.9335556613662
1.18727060001917E-7	0.0450295334006909	3.52001937870742	10.8459085074635
1.19826732706985E-7	0.044969135372093	3.49659973977652	10.758963963382
1.20936590790671E-7	0.0449088183552575	3.47333591802408	10.6727163967589
1.22056728591897E-7	0.0448485822415234	3.45022687675633	10.5871602203824
1.23187241323369E-7	0.0447884269223756	3.42727158617694	10.5022898918298
1.24328225079674E-7	0.0447283522894444	3.40446902334109	10.4180999131085
1.25479776845442E-7	0.0446683582345055	3.38181817210989	10.3345848302993
1.26641994503597E-7	0.0446084446494799	3.35931802310508	10.251739233204
1.2781497684367E-7	0.0445486114264333	3.33696757366407	10.169557754994
1.28998823570201E-7	0.0444888584575765	3.31476582779527	10.0880350718633
1.30193635311213E-7	0.0444291856352646	3.29271179613368	10.0071659026832
1.31399513626763E-7	0.0443695928519972	3.27080449589681	9.92694500866053
1.32616561017579E-7	0.0443100800004182	3.2490429508409	9.84736719299794
1.3384488093377E-7	0.0442506469733152	3.22742619121737	9.76842730055744
1.35084577783617E-7	0.0441912936636198	3.20595325372969	9.69012021752643
1.36335756942453E-7	0.0441320199644073	3.18462318149037	9.61244087108643
1.37598524761618E-7	0.0440728257688963	3.16343502397834	9.53538422908431
1.38872988577496E-7	0.0440137109704485	3.14238783699662	9.45894529970651
1.40159256720643E-7	0.043954675462569	3.12148068263024	9.38311913115558
1.41457438524992E-7	0.0438957191389052	3.1007126292044	9.30790081132927
1.42767644337149E-7	0.0438368418932477	3.08008275124303	9.23328546750262
1.44089985525771E-7	0.0437780436195293	3.05959012942744	9.15926826601189
1.45424574491031E-7	0.0437193242118249	3.03923385055547	9.08584441194188
1.46771524674178E-7	0.0436606835643519	3.01901300750071	9.01300914881492
1.4813095056717E-7	0.0436021215714692	2.99892669917211	8.94075775828298
1.49502967722416E-7	0.0435436381276776	2.97897403047385	8.86908555982194
1.50887692762592E-7	0.0434852331276194	2.95915411226539	8.79798791042832
1.52285243390553E-7	0.043426906466078	2.93946606132188	8.72746020431864
1.53695738399346E-7	0.0433686580379783	2.91990900029483	8.65749787263088
1.55119297682296E-7	0.0433104877383858	2.90048205767298	8.58809638312866
1.56556042243206E-7	0.0432523954625069	2.88118436774345	8.51925123990757
1.58006094206639E-7	0.0431943811056886	2.86201507055319	8.45095798310385
1.59469576828298E-7	0.0431364445634182	2.84297331187068	8.38321218860564
1.60946614505506E-7	0.0430785857313231	2.82405824314778	8.31600946776621
1.62437332787774E-7	0.0430208045051708	2.80526902148201	8.24934546711978
1.63941858387481E-7	0.0429631007808687	2.78660480957894	8.18321586809944
1.65460319190638E-7	0.0429054744544637	2.76806477571487	8.11761638675743
1.66992844267759E-7	0.042847925422142	2.74964809369979	8.05254277348754
1.68539563884837E-7	0.0427904535802293	2.73135394284057	7.98799081274989
1.70100609514413E-7	0.0427330588251903	2.71318150790435	7.92395632279784
1.71676113846748E-7	0.0426757410536285	2.69512997908225	7.86043515540707
1.73266210801111E-7	0.042618500162286	2.67719855195325	7.79742319560682
1.74871035537153E-7	0.0425613360480435	2.6593864274484	7.73491636141343
1.76490724466401E-7	0.0425042486079202	2.64169281181511	7.67291060356575
1.78125415263851E-7	0.0424472377390732	2.62411691658189	7.61140190526294
1.79775246879672E-7	0.0423903033387974	2.60665795852316	7.55038628190424
1.81440359551015E-7	0.0423334453045259	2.58931515962432	7.48985978083078
1.83120894813935E-7	0.0422766635338289	2.57208774704713	7.42981848106962
1.84816995515421E-7	0.0422199579244144	2.55497495309526	7.37025849307961
1.86528805825537E-7	0.0421633283741273	2.53797601518005	7.3111759584996
1.88256471249679E-7	0.0421067747809497	2.52109017578658	7.25256704989835
1.90000138640941E-7	0.0420502970430004	2.50431668243984	7.19442797052659
1.91759956212599E-7	0.0419938950585349	2.48765478767127	7.13675495407119
1.93536073550708E-7	0.0419375687259454	2.4711037489854	7.079544264411
1.95328641626818E-7	0.0418813179437599	2.45466282882682	7.02279219537494
1.97137812810806E-7	0.041825142610643	2.43833129454722	6.96649507050192
1.98963740883829E-7	0.0417690426253949	2.42210841837284	6.91064924280253
2.00806581051392E-7	0.0417130178869517	2.40599347737198	6.855251094523
2.02666489956546E-7	0.041657068294385	2.38998575342279	6.80029703691062
2.04543625693198E-7	0.0416011937469017	2.3740845331813	6.74578350998141
2.06438147819552E-7	0.041545394143844	2.35828910804959	6.69170698228948
2.08350217371669E-7	0.0414896693846891	2.34259877414425	6.63806395069817
2.10279996877158E-7	0.0414340193690491	2.327012832265	6.5848509401532
2.1222765036899E-7	0.0413784439966705	2.31153058786348	6.53206450345751
2.1419334339944E-7	0.0413229431674346	2.29615135101242	6.47970122104797
2.1617724305416E-7	0.0412675167813567	2.28087443637477	6.42775770077387
2.18179517966381E-7	0.0412121647385864	2.26569916317323	6.3762305776771
2.20200338331247E-7	0.0411568869394071	2.2506248551599	6.32511651377427
2.22239875920284E-7	0.041101683284236	2.23565084058612	6.27441219784036
2.24298304095996E-7	0.041046553673624	2.22077645217258	6.22411434519432
2.26375797826603E-7	0.0409914980082552	2.20600102707955	6.17421969748622
2.28472533700919E-7	0.0409365161889469	2.19132390687735	6.12472502248617
2.30588689943351E-7	0.0408816081166497	2.176744437517	6.07562711387497
2.3272444642906E-7	0.0408267736924467	2.1622619693011	6.02692279103639
2.34879984699241E-7	0.0407720128175539	2.14787585685486	5.97860889885109
2.3705548797656E-7	0.0407173253933199	2.13358545909734	5.93068230749228
2.39251141180726E-7	0.0406627113212252	2.11939013921287	5.8831399122229
2.41467130944211E-7	0.0406081705028829	2.10528926462272	5.83597863319459
2.43703645628111E-7	0.0405537028400378	2.09128220695685	5.78919541524807
2.45960875338159E-7	0.0404993082345666	2.07736834202593	5.74278722771528
2.48239011940882E-7	0.0404449865884776	2.06354704979356	5.69675106422309
2.50538249079914E-7	0.0403907378039106	2.04981771434859	5.65108394249844
2.52858782192453E-7	0.0403365617831363	2.0361797238777	5.6057829041752
2.55200808525872E-7	0.0402824584285571	2.0226324706381	5.56084501460254
2.57564527154487E-7	0.0402284276427057	2.00917535093053	5.5162673626548
2.59950138996481E-7	0.0401744693282459	1.99580776507226	5.47204706054292
2.62357846830976E-7	0.040120583387972	1.98252911737043	5.42818124362734
2.64787855315275E-7	0.0400667697248086	1.96933881609549	5.38466707023244
2.67240371002256E-7	0.0400130282418106	1.9562362734548	5.34150172146244
2.69715602357928E-7	0.0399593588421628	1.9432209055665	5.29868240101881
2.72213759779154E-7	0.03990576142918	1.93029213243343	5.25620633501914
2.7473505561153E-7	0.0398522359063065	1.91744937791731	5.21407077181738
2.77279704167441E-7	0.0397987821771164	1.90469206971306	5.17227298182566
2.79847921744272E-7	0.0397454001453129	1.89201963932332	5.13081025733738
2.82439926642796E-7	0.0396920897147284	1.87943152203307	5.08967991235189
2.8505593918573E-7	0.0396388507893243	1.86692715688451	5.04887928240042
2.8769618173646E-7	0.0395856832731909	1.85450598665205	5.00840572437356
2.90360878717947E-7	0.0395325870705471	1.84216745781744	4.9682566163499
2.930502566318E-7	0.0394795620857402	1.82991102054516	4.92842935742627
2.95764544077527E-7	0.0394266082232458	1.8177361286579	4.8889213675493
2.98503971771971E-7	0.0393737253876678	1.80564223961219	4.84973008734814
3.01268772568914E-7	0.0393209134837378	1.79362881447429	4.81085297796881
3.04059181478881E-7	0.0392681724163154	1.78169531789608	4.77228752090959
3.06875435689104E-7	0.0392155020903878	1.76984121809129	4.734031217858
3.0971777458369E-7	0.0391629024110693	1.75806598681176	4.69608159052884
3.12586439763968E-7	0.039110373283602	1.7463690993239	4.65843618050373
3.15481675069022E-7	0.0390579146133547	1.73475003438533	4.62109254907184
3.18403726596426E-7	0.0390055263058233	1.72320827422162	4.58404827707184
3.21352842723149E-7	0.0389532082666305	1.71174330450324	4.54730096473525
3.24329274126682E-7	0.0389009604015254	1.70035461432263	4.51084823153099
3.27333273806334E-7	0.0388487826163836	1.68904169617144	4.4746877160111
3.30365097104743E-7	0.0387966748172071	1.67780404591791	4.43881707565783
3.33425001729582E-7	0.0387446369101237	1.66664116278441	4.40323398673182
3.36513247775458E-7	0.0386926688013874	1.6555525493251	4.36793614412166
3.39630097746026E-7	0.0386407703973778	1.64453771140379	4.33292126119447
3.427758165763E-7	0.0385889416046	1.63359615817193	4.2981870696478
3.4595067165517E-7	0.0385371823296847	1.62272740204669	4.26373131936277
3.49154932848138E-7	0.0384854924793876	1.61193095868928	4.2295517782581
3.52388872520247E-7	0.0384338719605897	1.60120634698334	4.19564623214578
3.5565276555924E-7	0.0383823206802967	1.5905530890135	4.1620124845874
3.58946889398922E-7	0.0383308385456391	1.5799707100441	4.128648356752
3.6227152404274E-7	0.0382794254638721	1.56945873849802	4.09555168727487
3.65626952087593E-7	0.0382280813423752	1.55901670593567	4.06272033211753
3.6901345874784E-7	0.038176806088652	1.54864414703412	4.0301521644289
3.72431331879554E-7	0.0381255996103303	1.53834059956635	3.99784507440741
3.75880862004983E-7	0.0380744618151619	1.52810560438067	3.96579696916442
3.79362342337249E-7	0.0380233926110221	1.51793870538024	3.93400577258863
3.82876068805271E-7	0.0379723919059099	1.50783944950277	3.9024694252115
3.86422340078915E-7	0.0379214596079477	1.4978073867003	3.87118588407397
3.90001457594388E-7	0.0378705956253811	1.48784206991917	3.84015312259401
3.93613725579854E-7	0.0378197998665789	1.47794305508008	3.80936913043536
3.97259451081298E-7	0.0377690722400325	1.46810990105833	3.77883191337733
4.00938943988623E-7	0.0377184126543564	1.45834216966411	3.74853949318558
4.0465251706199E-7	0.0376678210182874	1.44863942562303	3.718489907484
4.08400485958408E-7	0.0376172972406849	1.4390012365567	3.68868120962752
4.12183169258558E-7	0.0375668412305304	1.42942717296343	3.65911146857608
4.16000888493877E-7	0.0375164528969276	1.41991680819916	3.62977876876952
4.19853968173889E-7	0.037466132149102	1.41046971845838	3.60068121000344
4.23742735813785E-7	0.0374158788964011	1.40108548275529	3.57181690730614
4.27667521962267E-7	0.0373656930482936	1.391763682905	3.5431839908165
4.31628660229639E-7	0.0373155745143699	1.38250390350494	3.51478060566287
4.35626487316169E-7	0.0372655232043417	1.37330573191631	3.48660491184288
4.39661343040708E-7	0.0372155390280416	1.36416875824572	3.45865508410424
4.43733570369572E-7	0.0371656218954233	1.35509257532691	3.43092931182655
4.478435154457E-7	0.0371157717165613	1.34607677870259	3.40342579890391
4.51991527618069E-7	0.0370659884016506	1.33712096660645	3.37614276362868
4.56177959471395E-7	0.0370162718610067	1.32822473994524	3.34907843857598
4.60403166856101E-7	0.0369666220050655	1.31938770228097	3.32223107048921
4.64667508918563E-7	0.0369170387443827	1.31060945981327	3.2955989201665
4.68971348131643E-7	0.0368675219896345	1.30188962136184	3.269180262348
4.73315050325492E-7	0.0368180716516164	1.29322779834899	3.24297338560415
4.7769898471865E-7	0.0367686876412438	1.28462360478235	3.2169765922248
4.82123523949433E-7	0.0367193698695516	1.27607665723766	3.19118819810922
4.865890441076E-7	0.0366701182476939	1.26758657484169	3.16560653265704
4.9109592476633E-7	0.0366209326869442	1.25915297925525	3.14022993865996
4.95644549014477E-7	0.0365718130986948	1.25077549465636	3.11505677219445
5.00235303489138E-7	0.0365227593944568	1.24245374772347	3.09008540251526
5.04868578408518E-7	0.0364737714858603	1.23418736761885	3.06531421194973
5.09544767605097E-7	0.0364248492846535	1.22597598597206	3.04074159579304
5.14264268559106E-7	0.0363759927027034	1.21781923686349	3.0163659622042
5.19027482432315E-7	0.0363272016519949	1.20971675680813	2.99218573210301
5.23834814102129E-7	0.0362784760446311	1.20166818473933	2.96819933906771
5.28686672196008E-7	0.0362298157928329	1.1936731619927	2.9444052292335
5.33583469126194E-7	0.0361812208089392	1.18573133229016	2.92080186119192
5.38525621124772E-7	0.036132691005406	1.17784234172401	2.89738770589095
5.43513548279049E-7	0.0360842262948073	1.17000583874122	2.874161246536
5.48547674567257E-7	0.0360358265898338	1.16222147412775	2.85112097849161
5.536284278946E-7	0.0359874918032938	1.15448890099294	2.82826540918401
5.58756240129618E-7	0.0359392218481122	1.14680777475412	2.80559305800441
5.63931547140903E-7	0.0358910166373308	1.13917775312118	2.78310245621309
5.69154788834144E-7	0.0358428760841081	1.13159849608141	2.76079214684425
5.74426409189518E-7	0.0357948001017191	1.12406966588426	2.73866068461164
5.79746856299436E-7	0.035746788603555	1.11659092702633	2.71670663581493
5.85116582406621E-7	0.0356988415031232	1.10916194623644	2.6949285782468
5.9053604394256E-7	0.0356509587140472	1.10178239246072	2.67332510110085
5.96005701566292E-7	0.0356031401500663	1.09445193684791	2.65189480488021
6.01526020203567E-7	0.0355553857250354	1.08717025273468	2.63063630130683
6.07097469086372E-7	0.0355076953529252	1.07993701563108	2.60954821323158
6.12720521792802E-7	0.0354600689478216	1.07275190320609	2.58862917454506
6.18395656287331E-7	0.0354125064239256	1.06561459527321	2.56787783008903
6.24123354961426E-7	0.0353650076955537	1.05852477377628	2.54729283556869
6.29904104674555E-7	0.035317572677137	1.05148212277521	2.52687285746559
6.35738396795576E-7	0.0352702012832214	1.04448632843196	2.50661657295118
6.41626727244495E-7	0.0352228934284674	1.03753707899655	2.48652266980121
6.47569596534629E-7	0.0351756490276503	1.03063406479313	2.46658984631063
6.53567509815138E-7	0.0351284679956592	1.02377697820624	2.44681681120933
6.59620976913974E-7	0.0350813502474978	1.01696551366704	2.42720228357845
6.65730512381215E-7	0.0350342956982835	1.01019936763975	2.40774499276744
6.71896635532794E-7	0.0349873042632477	1.00347823860806	2.3884436783117
6.78119870494654E-7	0.0349403758577355	0.996801827061754	2.36929708985096
6.84400746247288E-7	0.0348935103972055	0.990169835483341	2.35030398704827
6.90739796670707E-7	0.0348467077972297	0.983581968334783	2.33146313950966
6.97137560589826E-7	0.0347999679734933	0.977037932044334	2.31277332670438
7.03594581820253E-7	0.0347532908417948	0.970537434993472	2.29423333788594
7.10111409214525E-7	0.0347066763180453	0.964080187503883	2.27584197201356
7.16688596708752E-7	0.0346601243182691	0.957665901824564	2.25759803767443
7.23326703369708E-7	0.0346136347586027	0.951294292118995	2.23950035300653
7.30026293442349E-7	0.0345672075552954	0.944965074452409	2.22154774562205
7.36787936397777E-7	0.0345208426247088	0.938677966779125	2.20373905253142
7.43612206981647E-7	0.0344745398833164	0.932432688929994	2.18607312006803
7.50499685263011E-7	0.0344282992477042	0.926228962599908	2.16854880381343
7.57450956683637E-7	0.0343821206345697	0.920066511335395	2.15116496852325
7.64466612107762E-7	0.0343360039607222	0.913945060522305	2.13392048805361
7.71547247872324E-7	0.0342899491430829	0.907864337373569	2.11681424528821
7.78693465837649E-7	0.0342439560986839	0.901824070917044	2.0998451320659
7.85905873438604E-7	0.034198024744669	0.895823991983441	2.08301204910899
7.93185083736236E-7	0.034152154998293	0.889863833194317	2.06631390595191
8.00531715469877E-7	0.0341063467769217	0.883943328950185	2.04974962087071
8.07946393109747E-7	0.0340605999980317	0.878062215418649	2.03331812081286
8.15429746910026E-7	0.0340149145792103	0.872220230522669	2.0170183413278
8.22982412962427E-7	0.0339692904381555	0.866417113928871	2.00084922649798
8.30605033250267E-7	0.0339237274926753	0.860652607035954	1.98480972887046
8.38298255703033E-7	0.0338782256606884	0.854926452963156	1.96889880938903
8.46062734251462E-7	0.0338327848602232	0.849238396538816	1.95311543732691
8.53899128883124E-7	0.0337874050094184	0.843588184288992	1.93745859021999
8.61808105698514E-7	0.0337420860265223	0.837975564426178	1.92192725380058
8.6979033696768E-7	0.0336968278298928	0.832400286838082	1.90652042193172
8.77846501187362E-7	0.0336516303379975	0.826862103076471	1.89123709654198
8.85977283138669E-7	0.0336064934694133	0.821360766346103	1.8760762875608
8.94183373945286E-7	0.033561417142826	0.815896031493737	1.86103701285441
9.02465471132211E-7	0.033516401277031	0.8104676549972	1.84611829816212
9.10824278685054E-7	0.0334714457909323	0.805075394954536	1.83131917703328
9.19260507109873E-7	0.0334265506035427	0.799719011073235	1.81663869076463
9.27774873493574E-7	0.0333817156339836	0.794398264659508	1.80207588833819
9.36368101564856E-7	0.0333369408014849	0.789112918607669	1.7876298263597
9.4504092175573E-7	0.0332922260253851	0.783862737389553	1.77329956899745
9.53794071263608E-7	0.0332475712251304	0.77864748704403	1.75908418792168
9.62628294113964E-7	0.0332029763202755	0.773466935166583	1.74498276224447
9.71544341223582E-7	0.0331584412304828	0.768320850898934	1.73099437846002
9.80542970464381E-7	0.0331139658755223	0.763209004918775	1.71711813038552
9.8962494672783E-7	0.033069550175272	0.758131169429536	1.70335311910243
9.9879104198997E-7	0.0330251940497169	0.753087118150246	1.68969845289828
1.00804203537703E-6	0.0329808974189499	0.748076626305436	1.67615324720883
1.01737871323167E-6	0.0329366602031705	0.743099470615134	1.66271662456085
1.02680186917977E-6	0.0328924823226855	0.738155429284903	1.64938771451521
1.03631230419798E-6	0.0328483636979087	0.733244281995968	1.63616565361054
1.04591082668169E-6	0.0328043042493604	0.728365809895399	1.62304958530725
1.05559825251383E-6	0.0327603038976678	0.723519795586348	1.61003865993211
1.06537540513421E-6	0.0327163625635643	0.718706023118366	1.59713203462312
1.07524311560946E-6	0.0326724801678897	0.713924277977783	1.58432887327497
1.08520222270375E-6	0.03262865663159	0.709174347078148	1.57162834648486
1.09525357295E-6	0.0325848918757172	0.704456018750728	1.55902963149877
1.10539802072191E-6	0.0325411858214294	0.699769082735082	1.54653191215816
1.11563642830654E-6	0.0324975383899901	0.695113330169687	1.53413437884709
1.12596966597762E-6	0.0324539495027686	0.690488553582634	1.52183622843978
1.13639861206953E-6	0.0324104190812397	0.685894546882374	1.5096366642486
1.14692415305193E-6	0.0323669470469834	0.681331105348552	1.49753489597243
1.15754718360516E-6	0.0323235333216851	0.676798025622865	1.48553013964548
1.16826860669622E-6	0.0322801778271351	0.672295105700007	1.4736216175865
1.17908933365562E-6	0.0322368804852284	0.667822144918669	1.46180855834839
1.19001028425473E-6	0.0321936412179651	0.663378943952602	1.45009019666826
1.20103238678405E-6	0.0321504599474498	0.658965304801719	1.43846577341781
1.21215657813207E-6	0.0321073365958916	0.654581030783288	1.42693453555418
1.22338380386493E-6	0.0320642710856039	0.650225926523157	1.41549573607117
1.23471501830679E-6	0.0320212633390042	0.645899797947049	1.40414863395083
1.24615118462093E-6	0.0319783132786143	0.64160245227192	1.39289249411547
1.25769327489162E-6	0.0319354208270598	0.637333697997363	1.38172658738003
1.26934227020679E-6	0.03189258590707	0.633093344897071	1.37065019040485
1.28109916074138E-6	0.0318498084414779	0.628881204010369	1.35966258564883
1.29296494584151E-6	0.0318070883532201	0.624697087633784	1.3487630613229
1.30494063410945E-6	0.0317644255653365	0.620540809312685	1.33795091134394
1.31702724348934E-6	0.0317218200009701	0.616412183832981	1.32722543528906
1.32922580135368E-6	0.0316792715833673	0.612311027212851	1.31658593835017
1.34153734459072E-6	0.0316367802358771	0.608237156694562	1.30603173128903
1.35396291969258E-6	0.0315943458819514	0.60419039073631	1.29556213039254
1.36650358284416E-6	0.031551968445145	0.600170549004143	1.28517645742851
1.37916040001294E-6	0.0315096478491151	0.59617745236392	1.27487403960168
1.39193444703964E-6	0.0314673840176211	0.592210922873329	1.26465420951016
1.40482680972957E-6	0.0314251768745249	0.588270783773948	1.25451630510215
1.41783858394501E-6	0.0313830263437906	0.584356859483383	1.24445966963312
1.43097087569831E-6	0.0313409323494839	0.580468975587438	1.23448365162323
1.44422480124593E-6	0.0312988948157728	0.576606958832338	1.22458760481511
1.4576014871833E-6	0.0312569136669267	0.572770637117015	1.21477088813201
1.4711020705406E-6	0.0312149888273167	0.568959839485435	1.2050328656363
1.48472769887939E-6	0.0311731202214154	0.565174396118977	1.19537290648821
1.49847953039017E-6	0.0311313077737966	0.561414138328876	1.18579038490502
1.51235873399082E-6	0.0310895514091352	0.557678898548694	1.1762846801205
1.52636648942597E-6	0.0310478510522073	0.553968510326858	1.1668551763447
1.54050398736727E-6	0.0310062066278899	0.550282808319246	1.15750126272403
1.55477242951457E-6	0.0309646180611607	0.546621628281808	1.14822233330175
1.56917302869813E-6	0.0309230852770979	0.542984807063263	1.13901778697864
1.58370700898166E-6	0.0308816082008803	0.539372182597812	1.12988702747412
1.59837560576637E-6	0.0308401867577873	0.535783593897926	1.12082946328761
1.61318006589602E-6	0.030798820873198	0.532218881047172	1.11184450766019
1.62812164776284E-6	0.0307575104725921	0.528677885193078	1.10293157853659
1.64320162141457E-6	0.030716255481549	0.525160448540068	1.09409009852751
1.65842126866234E-6	0.0306750558257478	0.521666414342417	1.08531949487221
1.67378188318967E-6	0.0306339114309677	0.518195626897277	1.07661919940139
1.68928477066243E-6	0.030592822223087	0.514747931537726	1.06798864850038
1.70493124883982E-6	0.0305517881280837	0.511323174625886	1.05942728307265
1.72072264768636E-6	0.0305108090720349	0.507921203546075	1.05093454850358
1.73666030948497E-6	0.0304698849811171	0.504541866698002	1.04250989462454
1.75274558895104E-6	0.0304290157816056	0.501185013490017	1.03415277567722
1.76897985334761E-6	0.0303882013998747	0.497850494332392	1.02586265027831
1.78536448260156E-6	0.0303474417623973	0.494538160630663	1.01763898138443
1.80190086942091E-6	0.0303067367957451	0.491247864779005	1.0094812362573
1.81859041941321E-6	0.0302660864265883	0.487979460153653	1.00138888642926
1.83543455120503E-6	0.0302254905816953	0.48473280110637	0.99336140766905
1.85243469656251E-6	0.0301849491879329	0.481507742957959	0.985398279947797
1.86959230051311E-6	0.0301444621722657	0.478304141991804	0.977498987405376
1.88690882146838E-6	0.0301040294617567	0.475121855447488	0.969663018316975
1.90438573134796E-6	0.0300636509835663	0.471960741514404	0.96188986505994
1.92202451570472E-6	0.030023326664953	0.468820659325458	0.9541790240809
1.93982667385096E-6	0.0299830564332724	0.465701468950781	0.946529995863138
1.95779371898594E-6	0.029942840215978	0.462603031391491	0.938942284894233
1.97592717832443E-6	0.0299026779406203	0.459525208573508	0.931415399633968
1.99422859322657E-6	0.0298625695348472	0.456467863341395	0.923948852482478
2.01269951932886E-6	0.0298225149264034	0.453430859452248	0.916542159748675
2.03134152667643E-6	0.0297825140431307	0.450414061569618	0.909194841618892
2.05015619985642E-6	0.0297425668129676	0.447417335257495	0.901906422125823
2.06914513813277E-6	0.0297026731639494	0.444440546974301	0.894676429117678
2.08830995558208E-6	0.0296628330242076	0.441483564066948	0.887504394227599
2.10765228123083E-6	0.0296230463219705	0.438546254764928	0.880389852843319
2.12717375919388E-6	0.0295833129855624	0.435628488174432	0.87333234407706
2.14687604881417E-6	0.0295436329434038	0.432730134272528	0.866331410735683
2.1667608248038E-6	0.0295040061240112	0.429851063901358	0.859386599291063
2.18682977738639E-6	0.0294644324559971	0.426991148762389	0.85249745985072
2.2070846124407E-6	0.0294249118680696	0.424150261410691	0.845663546128657
2.22752705164571E-6	0.0293854442890325	0.42132827524926	0.838884415416471
2.24815883262686E-6	0.029346029647785	0.418525064523376	0.832159628554652
2.26898170910387E-6	0.0293066678733218	0.415740504314999	0.825488749904149
2.28999745103971E-6	0.0292673588947328	0.412974470537201	0.818871347318145
2.31120784479109E-6	0.029228102641203	0.410226839928643	0.812306992114061
2.33261469326031E-6	0.0291888990420123	0.40749749004807	0.80579525904578
2.35421981604848E-6	0.0291497480265356	0.404786299268866	0.79933572627611
2.37602504961021E-6	0.0291106495242424	0.402093146773628	0.792927975349451
2.39803224740971E-6	0.0290716034646969	0.399417912548786	0.786571591164685
2.42024328007832E-6	0.0290326097775578	0.39676047737925	0.780266161948291
2.44266003557352E-6	0.0289936683925781	0.394120722843103	0.774011279227663
2.46528441933943E-6	0.0289547792396049	0.391498531306318	0.767806537804656
2.48811835446875E-6	0.0289159422485795	0.388893785917519	0.761651535729328
2.51116378186622E-6	0.0288771573495373	0.386306370602777	0.755545874273912
2.53442266041361E-6	0.0288384244726073	0.383736170060432	0.749489157906979
2.55789696713627E-6	0.0287997435480125	0.381183069755955	0.743480994267812
2.58158869737107E-6	0.0287611145060692	0.378646955916852	0.737520994140999
2.60549986493613E-6	0.0287225372771872	0.376127715527582	0.731608771431207
2.6296325023019E-6	0.02868401179187	0.373625236324529	0.725743943138183
2.65398866076396E-6	0.0286455379807139	0.371139406790999	0.71992612933193
2.67857041061742E-6	0.0286071157744084	0.368670116152246	0.714154953128104
2.70337984133281E-6	0.0285687451037361	0.366217254370541	0.708430040663597
2.72841906173377E-6	0.0285304258995724	0.363780712140262	0.702751021072313
2.75369020017625E-6	0.0284921580928852	0.361360380883029	0.697117526461149
2.77919540472944E-6	0.0284539416147353	0.358956152742866	0.691529191886163
2.80493684335837E-6	0.0284157763962757	0.356567920581386	0.685985655328921
2.83091670410816E-6	0.0283776623687521	0.354195577973028	0.680486557673063
2.85713719529003E-6	0.0283395994635019	0.351839019200304	0.675031542681023
2.88360054566901E-6	0.0283015876119551	0.349498139249099	0.669620256970963
2.91030900465335E-6	0.0282636267456334	0.34717283380398	0.664252349993872
2.93726484248577E-6	0.0282257167961504	0.344862999243555	0.658927474010864
2.96447035043641E-6	0.0281878576952115	0.342568532635853	0.653645284070645
2.9919278409976E-6	0.0281500493746136	0.340289331733737	0.648405437987169
3.01963964808038E-6	0.0281122917662451	0.338025294970346	0.643207596317475
3.04760812721297E-6	0.0280745848020858	0.335776321454575	0.638051422339692
3.07583565574089E-6	0.0280369284142068	0.333542310966571	0.632936582031228
3.10432463302913E-6	0.0279993225347701	0.331323163953273	0.62786274404713
3.13307748066604E-6	0.0279617670960289	0.329118781523971	0.622829579698622
3.16209664266919E-6	0.0279242620303271	0.326929065445903	0.617836762931808
3.1913845856931E-6	0.0278868072700996	0.324753918139875	0.612883970306556
3.2209437992389E-6	0.0278494027478716	0.322593242675918	0.607970880975542
3.250776795866E-6	0.027812048396259	0.320446942768959	0.603097176663462
3.28088611140557E-6	0.0277747441479681	0.318314922774537	0.598262541646415
3.31127430517617E-6	0.0277374899357954	0.31619708768454	0.593466662731457
3.34194396020121E-6	0.0277002856926275	0.314093343122971	0.588709229236302
3.3728976834286E-6	0.0276631313514412	0.312003595341742	0.583989932969207
3.40413810595229E-6	0.0276260268453029	0.309927751216496	0.579308468208992
3.4356678832359E-6	0.027588972107369	0.307865718242456	0.574664531685246
3.4674896953385E-6	0.0275519670708855	0.305817404530306	0.570057822558683
3.49960624714235E-6	0.027515011669188	0.303782718802095	0.565488042401643
3.53202026858284E-6	0.0274781058357014	0.301761570387167	0.560954895178768
3.56473451488058E-6	0.0274412495039399	0.299753869218124	0.556458087227821
3.59775176677552E-6	0.027404442607507	0.297759525826809	0.551997327240659
3.63107483076339E-6	0.0273676850800952	0.295778451340321	0.547572326244372
3.66470653933418E-6	0.0273309768554859	0.293810557477058	0.543182797582554
3.69864975121298E-6	0.0272943178675494	0.291855756542773	0.538828456896732
3.7329073516029E-6	0.0272577080502445	0.289913961426678	0.534509022107954
3.7674822524304E-6	0.0272211473376188	0.287985085597554	0.530224213398509
3.80237739259273E-6	0.0271846356638083	0.286069043099898	0.525973753193796
3.83759573820776E-6	0.0271481729630374	0.284165748550091	0.521757366144355
3.87314028286611E-6	0.0271117591696185	0.282275117132598	0.51757477910802
3.90901404788564E-6	0.0270753942179524	0.280397064596181	0.513425721132224
3.94522008256822E-6	0.0270390780425276	0.278531507250148	0.509309923436452
3.9817614644589E-6	0.0270028105779208	0.276678361960626	0.505227119394825
4.01864129960759E-6	0.0269665917587961	0.274837546146854	0.501177044518831
4.05586272283299E-6	0.0269304215199055	0.273008977777502	0.497159436440186
4.09342889798911E-6	0.0268942997960884	0.271192575367016	0.493174034893846
4.13134301823419E-6	0.0268582265222717	0.269388257971989	0.489220581701133
4.16960830630208E-6	0.0268222016334694	0.267595945187551	0.485298820753027
4.20822801477623E-6	0.0267862250647828	0.265815557143788	0.48140849799356
4.24720542636613E-6	0.0267502967514002	0.264047014502183	0.477549361403369
4.28654385418635E-6	0.0267144166285969	0.262290238452077	0.473721160983361
4.32624664203818E-6	0.0266785846317349	0.260545150707162	0.469923648738524
4.36631716469382E-6	0.0266428006962631	0.258811673501989	0.46615657866186
4.40675882818324E-6	0.0266070647577167	0.257089729588504	0.462419706718448
4.44757507008373E-6	0.0265713767517176	0.255379242232604	0.458712790829634
4.48876935981207E-6	0.0265357366139739	0.253680135210719	0.455035590857348
4.53034519891946E-6	0.02650014428028	0.251992332806416	0.451387868588556
4.57230612138911E-6	0.0264645996865165	0.250315759807023	0.447769387719816
4.61465569393666E-6	0.0264291027686499	0.248650341500279	0.444179913841977
4.65739751631337E-6	0.0263936534627325	0.246996003671004	0.440619214424995
4.70053522161206E-6	0.0263582517049026	0.245352672597789	0.437087058802866
4.74407247657597E-6	0.0263228974313841	0.243720275049716	0.433583218158681
4.78801298191042E-6	0.0262875905784862	0.242098738283092	0.430107465509811
4.83236047259734E-6	0.0262523310826038	0.240487990038207	0.426659575693196
4.87711871821279E-6	0.026217118880217	0.238887958536114	0.423239325350763
4.92229152324738E-6	0.0261819539078911	0.23729857247543	0.419846492914949
4.96788272742962E-6	0.0261468361022766	0.235719761029161	0.416480858594357
5.01389620605234E-6	0.0261117654001089	0.234151453841544	0.413142204359513
5.06033587030203E-6	0.0260767417382081	0.23259358102491	0.409830313928742
5.10720566759137E-6	0.0260417650534792	0.231046073156574	0.40654497275416
5.15450958189473E-6	0.026006835282912	0.229508861275736	0.40328596800777
5.20225163408681E-6	0.0259719523635803	0.227981876880414	0.400053088567676
5.2504358822844E-6	0.0259371162326429	0.226465051924386	0.396846125004413
5.29906642219137E-6	0.0259023268273425	0.22495831881416	0.393664869567371
5.34814738744675E-6	0.0258675840850061	0.223461610405963	0.390509116171342
5.39768294997616E-6	0.0258328879430447	0.221974860002747	0.387378660383168
5.44767732034637E-6	0.0257982383389534	0.220498001351216	0.384273299408496
5.49813474812323E-6	0.0257636352103111	0.219030968638877	0.381192832078646
5.54905952223288E-6	0.0257290784947801	0.217573696491106	0.378137058837574
5.60045597132629E-6	0.0256945681301069	0.216126119968231	0.375105781728945
5.65232846414725E-6	0.025660104054121	0.214688174562644	0.372098804383311
5.70468140990372E-6	0.0256256862047355	0.213259796195921	0.369115932005387
5.75751925864251E-6	0.0255913145199467	0.211840921215972	0.36615697136144
5.81084650162766E-6	0.0255569889378342	0.210431486394199	0.363221730766759
5.86466767172215E-6	0.0255227093965606	0.209031428922682	0.360310020073249
5.9189873437732E-6	0.0254884758343713	0.20764068641138	0.357421650657103
5.97381013500115E-6	0.0254542881895946	0.206259196885347	0.354556435406591
6.02914070539189E-6	0.0254201464006417	0.204886898781975	0.351714188709932
6.08498375809302E-6	0.0253860504060063	0.20352373094825	0.348894726443276
6.14134403981355E-6	0.0253520001442644	0.202169632638022	0.346097865958774
6.19822634122746E-6	0.0253179955540746	0.200824543509305	0.343323426072741
6.25563549738087E-6	0.0252840365741779	0.199488403621582	0.340571227053925
6.31357638810297E-6	0.025250123143397	0.198161153433137	0.337841090611864
6.3720539384209E-6	0.0252162552006373	0.196842733798403	0.33513283988533
6.43107311897831E-6	0.0251824326848855	0.195533085965322	0.332446299430879
6.49063894645795E-6	0.0251486555352106	0.19423215157273	0.32978129521148
6.55075648400802E-6	0.0251149236907632	0.192939872647756	0.327137654585243
6.61143084167254E-6	0.0250812370907753	0.191656191603238	0.324515206294235
6.67266717682578E-6	0.0250475956745608	0.190381051235156	0.321913780453388
6.73447069461053E-6	0.0250139993815147	0.189114394720087	0.319333208539489
6.79684664838068E-6	0.0249804481511134	0.187856165612665	0.316773323380266
6.85980034014766E-6	0.0249469419229144	0.186606307843073	0.314233959143554
6.92333712103113E-6	0.0249134806365563	0.185364765714542	0.311714951326563
6.98746239171384E-6	0.0248800642317588	0.184131483900867	0.309216136745209
7.0521816029007E-6	0.0248466926483224	0.182906407443944	0.306737353523549
7.1175002557821E-6	0.0248133658261281	0.18168948175132	0.304278441083293
7.18342390250152E-6	0.0247800837051379	0.18048065259376	0.301839240133403
7.24995814662742E-6	0.024746846225394	0.179279866102831	0.299419592659772
7.31710864362959E-6	0.0247136533270194	0.178087068768503	0.297019341914989
7.38488110135985E-6	0.0246805049502169	0.176902207436759	0.294638332408186
7.45328128053728E-6	0.0246474010352701	0.175725229307233	0.29227640989496
7.52231499523781E-6	0.0246143415225422	0.174556081930853	0.289933421367386
7.59198811338844E-6	0.0245813263524767	0.173394713207504	0.287609215044104
7.66230655726604E-6	0.0245483554655967	0.172241071383709	0.285303640360485
7.73327630400074E-6	0.0245154288025055	0.17109510505032	0.283016547958878
7.80490338608399E-6	0.0244825463038856	0.169956763140228	0.280747789678935
7.87719389188136E-6	0.0244497079104994	0.168825994926085	0.278497218548012
7.95015396614998E-6	0.0244169135631885	0.16770275001805	0.276264688771648
8.0237898105609E-6	0.0243841632028741	0.166586978361536	0.27405005572412
8.09810768422623E-6	0.0243514567705565	0.165478630234985	0.27185317593908
8.1731139042312E-6	0.0243187942073152	0.164377656247647	0.269673907100248
8.24881484617109E-6	0.0242861754543086	0.163284007337384	0.267512108032205
8.32521694469313E-6	0.0242536004527742	0.162197634768482	0.265367638691241
8.40232669404349E-6	0.0242210691440282	0.161118490129478	0.263240360156287
8.48015064861928E-6	0.0241885814694655	0.160046525331004	0.261130134619911
8.55869542352573E-6	0.0241561373705597	0.158981692603641	0.259036825379394
8.63796769513839E-6	0.0241237367888628	0.157923944495798	0.256960296827873
8.71797420167071E-6	0.0240913796660053	0.156873233871588	0.254900414445555
8.79872174374675E-6	0.024059065943696	0.155829513908733	0.252857044791007
8.88021718497921E-6	0.0240267955637217	0.154792738096476	0.250830055492505
8.96246745255295E-6	0.0239945684679475	0.15376286023351	0.248819315239466
9.04547953781368E-6	0.0239623845983163	0.152739834425916	0.246824693773934
9.12926049686235E-6	0.023930243896849	0.151723615085119	0.24484606188215
9.21381745115481E-6	0.0238981463056443	0.150714156925861	0.242883291386174
9.29915758810719E-6	0.0238660917668784	0.149711414964175	0.240936255135587
9.38528816170689E-6	0.0238340802228051	0.148715344515387	0.239004826999247
9.47221649312909E-6	0.0238021116157558	0.147725901192119	0.237088881857129
9.55994997135912E-6	0.0237701858881391	0.146743040902319	0.235188295592208
9.64849605382048E-6	0.0237383029824409	0.145766719847286	0.233302945082428
9.73786226700872E-6	0.0237064628412242	0.144796894519729	0.231432708192719
9.82805620713133E-6	0.0236746654071292	0.143833521701818	0.229577463767088
9.91908554075321E-6	0.0236429106228728	0.142876558463265	0.227737091620773
1.00109580054485E-5	0.0236111984312489	0.14192596215941	0.225911472532451
1.01036814104583E-5	0.0235795287751281	0.140981690429317	0.224100488236519
1.01972636373543E-5	0.0235479015974576	0.14004370119389	0.222304021415436
1.02917126407087E-5	0.0235163168412611	0.139111952653997	0.220521955692112
1.03870364487708E-5	0.0234847744496388	0.138186403288606	0.218754175622381
1.04832431641487E-5	0.0234532743657671	0.137267011852935	0.217000566687516
1.05803409644987E-5	0.0234218165328988	0.136353737376617	0.215261015286811
1.067833810322E-5	0.0233904008943627	0.13544653916187	0.213535408730222
1.07772429101563E-5	0.0233590273935635	0.134545376781686	0.211823635231069
1.08770637923039E-5	0.023327695973982	0.133650210078029	0.210125583898792
1.09778092345266E-5	0.0232964065791748	0.132760999160044	0.208441144731766
1.10794878002761E-5	0.0232651591527741	0.131877704402282	0.20677020861018
1.11821081323209E-5	0.0232339536384878	0.131000286442932	0.205112667288964
1.12856789534803E-5	0.0232027899800991	0.130128706182069	0.203468413390776
1.13902090673659E-5	0.023171668121467	0.129262924779909	0.201837340399051
1.14957073591303E-5	0.0231405880065254	0.12840290365508	0.200219342651093
1.16021827962218E-5	0.0231095495792836	0.127548604482901	0.19861431533124
1.1709644429147E-5	0.023078552783826	0.12669998919368	0.197022154464066
1.18181013922402E-5	0.0230475975643119	0.125857019971006	0.195442756907646
1.19275629044394E-5	0.0230166838649756	0.125019659250077	0.19387602034688
1.20380382700704E-5	0.0229858116301262	0.124187869716016	0.192321843286857
1.21495368796371E-5	0.0229549808041475	0.123361614302214	0.190780125046288
1.22620682106205E-5	0.0229241913314977	0.122540856188675	0.189250765750979
1.23756418282835E-5	0.0228934431567098	0.121725558800376	0.18773366632736
1.24902673864843E-5	0.022862736224391	0.120915685805639	0.18622872849607
1.26059546284972E-5	0.0228320704792228	0.12011120111451	0.184735854765591
1.27227133878405E-5	0.0228014458659611	0.119312068877149	0.183254948425928
1.28405535891121E-5	0.0227708623294356	0.118518253482239	0.181785913542349
1.29594852488339E-5	0.0227403198145503	0.117729719555391	0.180328654949165
1.30795184763024E-5	0.0227098182662828	0.116946431957572	0.178883078243572
1.32006634744485E-5	0.0226793576296847	0.116168355783541	0.177449089779527
1.33229305407046E-5	0.0226489378498813	0.115395456360286	0.176026596661689
1.34463300678798E-5	0.0226185588720715	0.11462769924549	0.174615506739397
1.35708725450434E-5	0.0225882206415275	0.113865050225986	0.173215728600704
1.36965685584164E-5	0.0225579231035952	0.113107475316236	0.171827171566448
1.38234287922717E-5	0.0225276662036936	0.11235494075682	0.170449745684385
1.39514640298416E-5	0.0224974498873151	0.111607413012927	0.16908336172336
1.40806851542349E-5	0.0224672741000249	0.11086485877286	0.167727931167524
1.42111031493619E-5	0.0224371387874616	0.110127244946559	0.166383366210604
1.43427291008679E-5	0.0224070438953365	0.109394538664115	0.16504957975021
1.44755741970756E-5	0.0223769893694336	0.108666707274316	0.163726485382195
1.46096497299361E-5	0.02234697515561	0.107943718343184	0.162413997395059
1.47449670959887E-5	0.0223170011997949	0.107225539652537	0.161112030764393
1.48815377973294E-5	0.0222870674479906	0.106512139198544	0.159820501147375
1.50193734425893E-5	0.0222571738462713	0.105803485190309	0.158539324877302
1.51584857479203E-5	0.0222273203407838	0.105099546048446	0.157268418958175
1.5298886537992E-5	0.0221975068777472	0.104400290403678	0.156007701059316
1.54405877469961E-5	0.0221677334034526	0.103705687095433	0.154757089510041
1.5583601419661E-5	0.0221379998642632	0.103015705170463	0.153516503294366
1.57279397122759E-5	0.022108306206614	0.102330313881455	0.152285862045758
1.58736148937238E-5	0.0220786523770121	0.101649482685671	0.151065086041929
1.60206393465243E-5	0.0220490383220362	0.100973181243579	0.149854096199675
1.61690255678864E-5	0.0220194639883366	0.100301379417506	0.148652814069749
1.63187861707706E-5	0.0219899293226352	0.0996340472702921	0.147461161831779
1.64699338849611E-5	0.0219604342717255	0.098971155063957	0.146279062289231
1.66224815581477E-5	0.0219309787824722	0.098312673258376	0.145106438864401
1.67764421570179E-5	0.0219015628018114	0.0976585725099626	0.143943215593462
1.69318287683594E-5	0.0218721862767501	0.0970088236703611	0.142789317121537
1.70886546001719E-5	0.0218428491543668	0.0963633977851478	0.14164466869782
1.72469329827904E-5	0.0218135513818106	0.0957222660925403	0.140509196170734
1.74066773700178E-5	0.0217842929063018	0.0950854000221161	0.139382825983127
1.75679013402688E-5	0.0217550736751311	0.0944527711935398	0.138265485167504
1.7730618597724E-5	0.0217258936356605	0.0938243514152979	0.137157101341306
1.78948429734946E-5	0.0216967527353219	0.0932001126834424	0.136057602702214
1.80605884267983E-5	0.0216676509216183	0.0925800271803433	0.134966918023505
1.82278690461458E-5	0.0216385881421227	0.0919640672734486	0.133884976649432
1.83966990505381E-5	0.0216095643444787	0.0913522055140536	0.132811708490647
1.85670927906754E-5	0.0215805794764	0.0907444146360767	0.131747044019666
1.87390647501769E-5	0.0215516334856704	0.0901406675548455	0.130690914266359
1.89126295468117E-5	0.0215227263201439	0.0895409373658887	0.129643250813485
1.90878019337415E-5	0.0214938579277441	0.0889451973437378	0.128603985792259
1.92645968007748E-5	0.0214650282564649	0.088353420940736	0.127573051877955
1.9443029175632E-5	0.0214362372543696	0.0877655817858558	0.126550382285547
1.96231142252235E-5	0.0214074848695914	0.0871816536835227	0.12553591076538
1.98048672569381E-5	0.021378771050333	0.0866016106124486	0.124529571598879
1.9988303719945E-5	0.0213500957448663	0.0860254267244718	0.12353129959429
2.01734392065063E-5	0.021321458901533	0.0854530763434056	0.122541030082461
2.03602894533025E-5	0.021292860468744	0.0848845339638942	0.12155869891265
2.05488703427706E-5	0.0212643003949791	0.0843197742502755	0.120584242448368
2.07391979044534E-5	0.0212357786287875	0.0837587720354523	0.11961759756326
2.09312883163626E-5	0.0212072951187874	0.0832015023197708	0.118658701637012
2.11251579063537E-5	0.0211788498136658	0.0826479402699073	0.117707492551297
2.13208231535139E-5	0.0211504426621785	0.0820980612177601	0.116763908685749
2.15183006895628E-5	0.0211220736131502	0.0815518406593517	0.115827888913973
2.17176073002662E-5	0.021093742615474	0.0810092542537358	0.114899372599584
2.1918759926863E-5	0.0210654496181119	0.0804702778219127	0.113978299592279
2.21217756675049E-5	0.0210371945700939	0.0799348873457529	0.11306461022394
2.232667177871E-5	0.0210089774205188	0.0794030589669254	0.112158245304772
2.25334656768295E-5	0.0209807981185535	0.0788747689858355	0.111259146119462
2.27421749395283E-5	0.020952656613433	0.0783499938605679	0.110367254423382
2.29528173072791E-5	0.0209245528544604	0.0778287102058381	0.10948251243881
2.316541068487E-5	0.020896486791007	0.0773108947919504	0.108604862851194
2.33799731429266E-5	0.0208684583725118	0.0767965245437625	0.107734248805433
2.35965229194484E-5	0.0208404675484817	0.0762855765396573	0.106870613902197
2.38150784213586E-5	0.0208125142684913	0.0757780280105212	0.106013902194271
2.40356582260687E-5	0.0207845984821829	0.0752738563387296	0.105164058182933
2.4258281083058E-5	0.0207567201392663	0.0747730390571394	0.104321026814359
2.44829659154668E-5	0.0207288791895186	0.0742755538480872	0.103484753476053
2.47097318217052E-5	0.0207010755827846	0.0737813785423954	0.102655183993315
2.49385980770765E-5	0.020673309268976	0.0732904911183833	0.101832264625725
2.51695841354156E-5	0.0206455801980721	0.0728028697008869	0.101015942063666
2.54027096307424E-5	0.0206178883201189	0.0723184925602833	0.100206163424868
2.56379943789309E-5	0.0205902335852295	0.0718373381115228	0.0994028762509871
2.58754583793934E-5	0.0205626159435842	0.0713593849131668	0.0986060285041999
2.61151218167807E-5	0.0205350353454297	0.0708846116664325	0.0978155685638374
2.63570050626978E-5	0.0205074917410798	0.0704129972142433	0.0970314452230396
2.66011286774351E-5	0.0204799850809146	0.0699445205402867	0.0962536076854387
2.68475134117165E-5	0.0204525153153811	0.0694791607680773	0.0954820055618679
2.70961802084631E-5	0.0204250823949925	0.0690168971600266	0.0947165888670975
2.73471502045733E-5	0.0203976862703285	0.0685577091165188	0.0939573080165962
2.76004447327196E-5	0.0203703268920351	0.0681015761749928	0.0932041138233193
2.78560853231615E-5	0.0203430042108244	0.0676484780090307	0.0924569574945235
2.81140937055762E-5	0.0203157181774747	0.0671983944274517	0.0917157906286039
2.83744918109049E-5	0.0202884687428304	0.0667513053734124	0.0909805652119601
2.86373017732179E-5	0.0202612558578015	0.0663071909235127	0.090251233615885
2.89025459315952E-5	0.0202340794733642	0.0658660312869084	0.0895277485934796
2.91702468320256E-5	0.0202069395405604	0.0654278068044294	0.0888100632765925
2.94404272293231E-5	0.0201798360104975	0.064992497947703	0.088098131172784
2.97131100890614E-5	0.0201527688343485	0.0645600853182842	0.0873919061623128
2.99883185895254E-5	0.0201257379633521	0.0641305496467911	0.0866913424951503
3.0266076123682E-5	0.0200987433488122	0.0637038717920462	0.0859963947880155
3.05464063011681E-5	0.020071784942098	0.0632800327402233	0.0853070180214353
3.08293329502975E-5	0.0200448626946442	0.0628590136040004	0.0846231675368286
3.11148801200864E-5	0.0200179765579504	0.0624407956217181	0.0839447990336128
3.14030720822977E-5	0.0199911264835812	0.0620253601565432	0.0832718685663338
3.1693933333504E-5	0.0199643124231664	0.0616126886956382	0.0826043325418196
3.19874885971697E-5	0.0199375343284004	0.061202762849337	0.081942147716356
3.22837628257527E-5	0.0199107921510426	0.0607955643503245	0.0812852711928856
3.25827812028253E-5	0.0198840858429172	0.0603910750528232	0.0806336604182286
3.2884569145215E-5	0.0198574153559127	0.0599892769317842	0.0799872731803256
3.31891523051648E-5	0.0198307806419823	0.0595901520820841	0.0793460676055041
3.34965565725135E-5	0.0198041816531437	0.0591936827177274	0.0787100021557655
3.38068080768966E-5	0.0197776183414789	0.0587998511710533	0.0780790356260939
3.41199331899672E-5	0.0197510906591341	0.058408639891949	0.0774531271417872
3.44359585276379E-5	0.0197245985583199	0.058020031447067	0.0768322361558088
3.4754910952343E-5	0.0196981419913107	0.0576340085190489	0.0762163224461611
3.50768175753215E-5	0.0196717209104452	0.057250553905753	0.0756053461132801
3.54017057589219E-5	0.0196453352681258	0.0568696505194885	0.0749992675774506
3.57296031189283E-5	0.019618985016819	0.0564912813862534	0.0743980475762417
3.60605375269072E-5	0.0195926701090547	0.0561154296449782	0.0738016471619636
3.6394537112577E-5	0.0195663904974268	0.055742078546775	0.0732100276991453
3.67316302661989E-5	0.0195401461345927	0.0553712114541903	0.0726231508620303
3.70718456409901E-5	0.0195139369732731	0.0550028118404644	0.072040978632095
3.74152121555593E-5	0.0194877629662524	0.0546368632887947	0.0714634732955855
3.7761758996365E-5	0.0194616240663782	0.0542733494916036	0.0708905974410739
3.81115156201961E-5	0.0194355202265613	0.0539122542498126	0.0703223139570358
3.84645117566763E-5	0.0194094513997757	0.0535535614721198	0.0697585860294449
3.88207774107902E-5	0.0193834175390585	0.053197255174283	0.0691993771393892
3.91803428654345E-5	0.0193574185975099	0.0528433194784081	0.0686446510607053
3.95432386839922E-5	0.0193314545282927	0.05249173861224	0.0680943718576305
3.99094957129297E-5	0.0193055252846328	0.0521424969084615	0.0675485038824761
4.02791450844196E-5	0.0192796308198187	0.0517955788039936	0.0670070117733171
4.06522182189866E-5	0.0192537710872017	0.0514509688393031	0.0664698604517023
4.10287468281779E-5	0.0192279460401955	0.0511086516577132	0.0659370151203814
4.14087629172597E-5	0.0192021556322763	0.050768612004719	0.0654084412610506
4.17922987879367E-5	0.0191763998169828	0.0504308347273083	0.0648841046321171
4.21793870410984E-5	0.0191506785479161	0.0500953047732855	0.0643639712664802
4.25700605795897E-5	0.0191249917787392	0.0497620071906017	0.0638480074693312
4.2964352611008E-5	0.0190993394631776	0.0494309271266879	0.063336179815971
4.3362296650526E-5	0.0190737215550187	0.0491020498277932	0.0628284551496439
4.37639265237402E-5	0.0190481380081119	0.0487753606383275	0.0623248005793907
4.41692763695462E-5	0.0190225887763685	0.0484508450002081	0.061825183477917
4.45783806430406E-5	0.0189970738137617	0.0481284884522114	0.0613295714794804
4.49912741184497E-5	0.0189715930743264	0.0478082766293281	0.0608379324777934
4.54079918920855E-5	0.018946146512159	0.0474901952621232	0.0603502346239432
4.58285693853282E-5	0.0189207340814176	0.0471742301761001	0.0598664463243295
4.62530423476383E-5	0.0188953557363219	0.0468603672910687	0.0593865362386167
4.66814468595942E-5	0.0188700114311528	0.0465485926205188	0.0589104732777042
4.71138193359594E-5	0.0188447011202526	0.0462388922709957	0.0584382266017128
4.75501965287783E-5	0.018819424758025	0.0459312524414818	0.0579697656179858
4.79906155304995E-5	0.0187941822989345	0.0456256594227814	0.0575050599791082
4.8435113777129E-5	0.018768973697507	0.0453220995969097	0.0570440795809401
4.88837290514122E-5	0.0187437989083292	0.0450205594364861	0.056586794560667
4.93364994860454E-5	0.0187186578860489	0.0447210255041313	0.056133175294865
4.97934635669175E-5	0.0186935505853746	0.0444234844518685	0.0556831923975814
5.02546601363809E-5	0.0186684769610756	0.0441279230205286	0.055236816718432
5.07201283965532E-5	0.0186434369679817	0.0438343280391594	0.0547940193407117
5.11899079126497E-5	0.0186184305609836	0.0435426864244384	0.0543547715795219
5.1664038616346E-5	0.0185934576950322	0.0432529851800903	0.0539190449799121
5.21425608091728E-5	0.018568518325139	0.042965211396307	0.0534868113150361
5.26255151659411E-5	0.0185436124063758	0.0426793522491734	0.0530580425843245
5.31129427381998E-5	0.0185187398938747	0.0423953950000951	0.0526327110116693
5.36048849577252E-5	0.0184939007428279	0.0421133269952311	0.0522107890436262
5.41013836400424E-5	0.0184690949084877	0.0418331356649295	0.0517922493476281
5.460248098798E-5	0.0184443223461666	0.0415548085231683	0.051377064810216
5.51082195952572E-5	0.0184195830112368	0.041278333166998	0.050965208535281
5.56186424501047E-5	0.0183948768591305	0.041003697275989	0.0505566538423226
5.61337929389179E-5	0.0183702038453396	0.0407308886116832	0.0501513742647212
5.66537148499456E-5	0.0183455639254158	0.0404598950170484	0.049749343548022
5.71784523770114E-5	0.0183209570549704	0.0401907044159362	0.0493505356482355
5.7708050123271E-5	0.018296383189674	0.039923304812544	0.0489549247301495
5.82425531050029E-5	0.0182718422852571	0.0396576842908805	0.0485624851656557
5.87820067554348E-5	0.0182473342975091	0.039393831014235	0.0481731915320898
5.93264569286056E-5	0.0182228591822791	0.0391317332246493	0.0477870186105842
5.98759499032631E-5	0.0181984168954752	0.0388713792423943	0.0474039413844346
6.0430532386798E-5	0.0181740073930646	0.0386127574654492	0.0470239350374788
6.09902515192135E-5	0.0181496306310739	0.0383558563689845	0.0466469749524901
6.15551548771326E-5	0.0181252865655882	0.0381006645048486	0.0462730367095816
6.21252904778419E-5	0.0181009751527518	0.0378471705010575	0.0459020960846248
6.27007067833734E-5	0.0180766963487679	0.0375953630612882	0.0455341290476802
6.32814527046238E-5	0.0180524501098981	0.037345230964375	0.0451691117614404
6.38675776055119E-5	0.018028236392463	0.0370967630638097	0.0448070205796861
6.44591313071743E-5	0.0180040551528416	0.036849948287245	0.0444478320457545
6.50561640922006E-5	0.0179799063474715	0.0366047756360005	0.0440915228910191
6.56587267089072E-5	0.0179557899328487	0.0363612341845736	0.0437380700333833
6.62668703756513E-5	0.0179317058655276	0.0361193130801515	0.0433874505757841
6.68806467851846E-5	0.0179076541021208	0.0358790015421281	0.0430396418047091
6.75001081090463E-5	0.017883634599299	0.035640288861624	0.0426946211887258
6.81253070019987E-5	0.0178596473137913	0.0354031644010085	0.0423523663770212
6.87562966065024E-5	0.0178356922023846	0.0351676175934262	0.042012855197954
6.93931305572338E-5	0.0178117692219238	0.0349336379423255	0.0416760656576186
7.00358629856441E-5	0.0177878783293118	0.0347012150209914	0.0413419759384198
7.06845485245599E-5	0.0177640194815092	0.0344703384720807	0.0410105643976603
7.13392423128276E-5	0.0177401926355344	0.0342409980071602	0.0406818095661377
7.20000000000002E-5	0.0177163977484633	0.0340131834062487	0.0403556901467543
