7.20000000000001E-9	0.15103243115212	13.5530163775345	258.863076105499
7.26668777510676E-9	0.150291483324959	13.4898546479813	257.181135523805
7.33399322512305E-9	0.149554170503065	13.4269872738668	255.510123206441
7.40192207107182E-9	0.148820474853516	13.364412883393	253.849968147946
7.47048008696534E-9	0.14809037863088	13.3021301111551	252.200599804215
7.53967310029576E-9	0.14736386417678	13.2401375981117	250.561948089494
7.60950699253061E-9	0.146640913919469	13.1784339915548	248.933943373411
7.6799876996127E-9	0.145921510373405	13.1170179450805	247.316516478005
7.75112121246467E-9	0.145205636138829	13.0558881185598	245.709598674797
7.82291357749828E-9	0.144493273901342	12.9950431781089	244.113121681863
7.89537089712824E-9	0.14378440643149	12.9344817960606	242.527017660937
7.96849933029103E-9	0.143079016584341	12.8742026509348	240.951219214523
8.04230509296835E-9	0.142377087299075	12.8142044274102	239.385659383038
8.1167944587155E-9	0.141678601598575	12.7544858162954	237.830271641964
8.19197375919474E-9	0.140983542589004	12.6950455145	236.284989899014
8.26784938471329E-9	0.140291893459411	12.6358822250067	234.749748491337
8.34442778476665E-9	0.139603637481313	12.5769946568425	233.224482182715
8.4217154685868E-9	0.138918758008299	12.5183815250512	231.709126160803
8.49971900569539E-9	0.138237238475621	12.4600415506644	230.203616034362
8.57844502646239E-9	0.137559062399795	12.4019734606746	228.707887830535
8.65790022266938E-9	0.136884213378205	12.3441759880066	227.221877992119
8.73809134807855E-9	0.136212675088703	12.2866478714905	225.745523374871
8.81902521900673E-9	0.135544431289217	12.2293878558337	224.278761244821
8.90070871490473E-9	0.134879465817356	12.1723946915939	222.821529275611
8.98314877894226E-9	0.134217762590018	12.1156671351512	221.373765545835
9.0663524185979E-9	0.133559305603007	12.0592039486818	219.935408536427
9.15032670625484E-9	0.132904078930638	12.0030039001306	218.506397128025
9.23507877980206E-9	0.132252066725357	11.947065763184	217.086670598393
9.32061584324099E-9	0.131603253217357	11.8913883172437	215.67616861983
9.40694516729799E-9	0.130957622714194	11.8359703473997	214.274831256606
9.4940740900422E-9	0.130315159600411	11.7808106444039	212.882598962422
9.58201001750936E-9	0.129675848337158	11.7259080046438	211.499412577875
9.67076042433134E-9	0.129039673461817	11.671261230116	210.125213327945
9.76033285437145E-9	0.128406619587628	11.6168691284003	208.759942819496
9.8507349213658E-9	0.127776671403316	11.5627305126337	207.4035430388
9.94197430957028E-9	0.127149813672722	11.5088442014841	206.055956349064
1.00340587744138E-8	0.126526031234434	11.4552090191251	204.717125487989
1.01269961431577E-8	0.125905309001419	11.4018237952099	203.38699356533
1.02207943155607E-8	0.125287631960661	11.3486873648459	202.065504060482
1.03154612645508E-8	0.124672985172794	11.2957985685696	200.75260082008
1.04110050369026E-8	0.124061353771745	11.2431562523205	199.448228055607
1.05074337539215E-8	0.123452722964371	11.1907592674168	198.15233034103
1.0604755612134E-8	0.122847078030103	11.1386064705298	196.864852610442
1.07029788839846E-8	0.122244404320589	11.0866967236592	195.585740155719
1.08021119185384E-8	0.12164468725934	11.0350288941081	194.314938624202
1.09021631421913E-8	0.121047912341377	10.9836018544584	193.052394016379
1.10031410593863E-8	0.120454065132884	10.932414482546	191.798052683602
1.11050542533357E-8	0.119863131270851	10.8814656614368	190.551861325795
1.12079113867517E-8	0.119275096462735	10.8307542794016	189.313766989195
1.13117212025817E-8	0.118689946486109	10.7802792298926	188.083717064104
1.14164925247522E-8	0.11810766718832	10.7300394115187	186.861659282651
1.15222342589187E-8	0.117528244486145	10.6800337280216	185.647541716569
1.16289553932223E-8	0.116951664365454	10.6302610882522	184.44131277499
1.17366649990542E-8	0.116377912880866	10.5807204061463	183.242921202255
1.18453722318264E-8	0.115806976155418	10.5314106007012	182.052316075735
1.19550863317502E-8	0.115238840380221	10.482330595952	180.869446803665
1.20658166246215E-8	0.114673491814136	10.4334793209483	179.694263122994
1.21775725226135E-8	0.114110916783433	10.3848557097306	178.526715097255
1.22903635250766E-8	0.113551101681464	10.3364587013072	177.366753114434
1.24041992193461E-8	0.112994032968336	10.2882872396308	176.214327884871
1.2519089281557E-8	0.112439697170578	10.2403402735759	175.06939043916
1.26350434774667E-8	0.111888080880821	10.1926167569155	173.931892126068
1.27520716632846E-8	0.111339170757469	10.1451156482984	172.801784610471
1.28701837865105E-8	0.11079295352438	10.0978359112263	171.679019871297
1.29893898867796E-8	0.110249415970543	10.0507765140315	170.563550199489
1.31097000967161E-8	0.109708544949756	10.0039364298543	169.455328195973
1.32311246427949E-8	0.109170327380315	9.95731463662037	168.354306769646
1.33536738462098E-8	0.108634750244691	9.91091011701864	167.26043913538
1.34773581237522E-8	0.108101800589217	9.86472185847905	166.173678812023
1.36021879886952E-8	0.107571465523776	9.81874885315047	165.093979620435
1.37281740516882E-8	0.107043732221489	9.77299009787875	164.021295681519
1.38553270216584E-8	0.106518587918404	9.72744459418472	162.955581414274
1.3983657706721E-8	0.105996019913186	9.68211134824253	161.896791533858
1.41131770150982E-8	0.105476015566813	9.63698937085785	160.844881049662
1.4243895956046E-8	0.104958562302268	9.59207767744635	159.799805263401
1.43758256407905E-8	0.104443647604236	9.5473752880122	158.761519767212
1.4508977283472E-8	0.1039312590188	9.50288122712672	157.72998044177
1.46433622020983E-8	0.10342138415314	9.45859452390701	156.705143454411
1.47789918195066E-8	0.102914010675234	9.41451421199486	155.686965257268
1.49158776643349E-8	0.102409126313561	9.37063932953561	154.675402585425
1.50540313720014E-8	0.1019067188568	9.32696891915719	153.670412455075
1.51934646856939E-8	0.101406776153541	9.28350202794917	152.671952161695
1.53341894573678E-8	0.100909286111984	9.24023770744208	151.67997927823
1.54762176487535E-8	0.100414236699652	9.19717501358658	150.694451653293
1.56195613323734E-8	0.0999216159430959	9.15431300673292	149.715327409368
1.57642326925677E-8	0.0994314119276097	9.11165075161053	148.742564941041
1.59102440265305E-8	0.098943612796938	9.06918731730744	147.77612291322
1.60576077453548E-8	0.0984582067529906	9.02692177725008	146.815960259387
1.62063363750873E-8	0.0979751820555579	8.984853209183	145.862036179848
1.63564425577938E-8	0.0974945270220267	8.94298069514884	144.914310140004
1.65079390526327E-8	0.0970162300270968	8.90130332146821	143.972741868626
1.66608387369407E-8	0.0965402795025006	8.85982017871977	143.037291356141
1.68151546073267E-8	0.0960666639367234	8.81853036172038	142.107918852937
1.69708997807765E-8	0.0955953718747237	8.77743296950541	141.184584867671
1.71280874957681E-8	0.0951263919176586	8.73652710530902	140.267250165593
1.72867311133967E-8	0.0946597127226051	8.69581187654458	139.355875766875
1.74468441185107E-8	0.0941953230022886	8.65528639478526	138.450422944958
1.76084401208576E-8	0.0937332115248079	8.61494977574458	137.550853224908
1.7771532856241E-8	0.093273367113364	8.57480113925716	136.657128381775
1.79361361876881E-8	0.0928157786459903	8.53483960925946	135.769210438973
1.81022641066282E-8	0.0923604350552837	8.49506431377076	134.887061666668
1.82699307340817E-8	0.091907325328136	8.45547438487399	134.010644580169
1.84391503218609E-8	0.0914564385054679	8.41606895869696	133.139921938342
1.86099372537809E-8	0.0910077636819643	8.37684717539333	132.274856742021
1.87823060468824E-8	0.0905612900058109	8.33780817912402	131.415412232441
1.89562713526658E-8	0.0901170066784302	8.29895111803843	130.561551889672
1.91318479583365E-8	0.0896749029542216	8.26027514425582	129.713239431071
1.93090507880618E-8	0.0892349681403016	8.22177941384696	128.870438809738
1.94878949042394E-8	0.0887971915962449	8.18346308681559	128.033114212983
1.9668395508778E-8	0.0883615627338257	8.14532532708008	127.201230060809
1.9850567944389E-8	0.087928071016764	8.10736530245527	126.374751004394
2.00344276958913E-8	0.0874967059604691	8.06958218463426	125.553641924592
2.02199903915269E-8	0.0870674571317866	8.03197514917034	124.737867930443
2.04072718042895E-8	0.086640314148746	7.99454337545903	123.927394357686
2.05962878532654E-8	0.0862152666803094	7.9572860467201	123.12218676729
2.07870546049865E-8	0.0857923044461221	7.92020234997984	122.322210943985
2.09795882747961E-8	0.0853714172162635	7.88329147605329	121.527432894816
2.11739052282269E-8	0.0849525948109993	7.8465526195265	120.737818847692
2.13700219823924E-8	0.0845358271005368	7.80998497873912	119.953335249953
2.15679552073907E-8	0.0841211040047783	7.77358775576673	119.173948766946
2.17677217277216E-8	0.0837084154930777	7.73736015640358	118.399626280606
2.19693385237167E-8	0.0832977515839984	7.70130139014514	117.63033488805
2.21728227329825E-8	0.082889102345072	7.66541067017095	116.866041900178
2.23781916518573E-8	0.0824824578925571	7.62968721332736	116.106714840287
2.25854627368816E-8	0.0820778083912005	7.5941302401105	115.352321442685
2.27946536062814E-8	0.0816751440540006	7.55873897464929	114.602829651326
2.30057820414664E-8	0.0812744551419691	7.52351264468845	113.858207618446
2.32188659885408E-8	0.0808757319638957	7.48845048157165	113.118423703206
2.34339235598293E-8	0.080478964876115	7.45355172022481	112.383446470355
2.36509730354164E-8	0.0800841442822716	7.41881559913933	111.653244688885
2.38700328646999E-8	0.0796912606330891	7.38424136035553	110.927787330712
2.40911216679598E-8	0.0793003044261384	7.34982824944605	110.207043569355
2.43142582379407E-8	0.0789112662056085	7.31557551549943	109.490982778622
2.45394615414489E-8	0.0785241365620776	7.28148241110374	108.779574531315
2.47667507209651E-8	0.0781389061322853	7.24754819233023	108.072788597932
2.49961450962713E-8	0.077755565598906	7.21377211871711	107.370594945388
2.52276641660929E-8	0.0773741056903242	7.18015345325338	106.67296373573
2.54613276097564E-8	0.0769945171804101	7.14669146236282	105.97986532488
2.56971552888617E-8	0.076616790888296	7.11338541588789	105.291270261366
2.5935167248971E-8	0.0762409176781538	7.08023458707382	104.607149285077
2.61753837213119E-8	0.075866888458976	7.04723825255282	103.927473326015
2.6417825124498E-8	0.0754946941843538	7.01439569232819	103.252213503063
2.66625120662635E-8	0.0751243258522588	6.98170618975869	102.581341122756
2.69094653452157E-8	0.0747557745048262	6.94916903154289	101.914827678064
2.71587059526024E-8	0.0743890312281369	6.91678350770354	101.252644847175
2.74102550740965E-8	0.0740240871520033	6.88454891157221	100.594764492301
2.76641340915965E-8	0.0736609334497524	6.85246453977367	99.9411586584724
2.79203645850442E-8	0.0732995613380153	6.82052969221077	99.2917995723561
2.81789683342588E-8	0.0729399620765129	6.78874367204903	98.6466596410748
2.84399673207887E-8	0.0725821269678446	6.75710578570142	98.0057114510321
2.87033837297792E-8	0.0722260473572784	6.72561534281329	97.3689277667497
2.89692399518589E-8	0.0718717146325414	6.69427165624728	96.7362815297095
2.92375585850427E-8	0.0715191202236118	6.66307404206833	96.1077458572039
2.95083624366523E-8	0.0711682556025112	6.63202181952875	95.4832940411931
2.97816745252556E-8	0.0708191122830979	6.60111431105334	94.8628995471705
3.00575180826226E-8	0.0704716818208633	6.5703508422247	94.2465360130359
3.03359165557005E-8	0.0701259558127259	6.5397307417684	93.6341772479733
3.06168936086066E-8	0.0697819258968287	6.50925334153837	93.0257972313401
3.09004731246396E-8	0.0694395837523375	6.47891797650238	92.4213701115606
3.11866792083101E-8	0.069098921099239	6.44872398472743	91.8208702050274
3.14755361873893E-8	0.0687599296981401	6.41867070736539	91.2242719950102
3.17670686149766E-8	0.0684226013500699	6.38875748863855	90.6315501305706
3.20613012715872E-8	0.0680869278962808	6.35898367582541	90.0426794254872
3.23582591672579E-8	0.0677529012180505	6.32934861924633	89.457634857183
3.26579675436734E-8	0.0674205132364866	6.29985167224939	88.8763915656629
3.29604518763117E-8	0.0670897559123308	6.27049219119636	88.2989248524583
3.32657378766095E-8	0.0667606212457642	6.2412695354485	87.7252101795759
3.35738514941477E-8	0.0664331012762148	6.21218306735275	87.1552231684567
3.38848189188573E-8	0.0661071880821633	6.18323215222766	86.5889395989385
3.41986665832453E-8	0.0657828737809531	6.15441615834966	86.0263354082278
3.45154211646416E-8	0.065460150528599	6.12573445693921	85.4673866898777
3.48351095874669E-8	0.0651390105195971	6.09718642214712	84.9120696927702
3.51577590255208E-8	0.0648194459867367	6.06877143104082	84.3603608201089
3.54833969042917E-8	0.0645014492009123	6.04048886359091	83.8122366284156
3.58120509032885E-8	0.0641850124709362	6.01233810265747	83.267673826534
3.61437489583926E-8	0.0638701281433529	5.98431853397668	82.7266492746396
3.64785192642332E-8	0.0635567886022537	5.95642954614739	82.1891399832574
3.68163902765832E-8	0.0632449862690932	5.92867053061783	81.6551231122846
3.71573907147786E-8	0.0629347136025049	5.90104088167227	81.1245759700198
3.75015495641592E-8	0.0626259630981196	5.87353999641781	80.5974760121989
3.78488960785327E-8	0.0623187272883838	5.84616727477125	80.0738008410377
3.8199459782661E-8	0.0620129987423788	5.81892211944599	79.5535282042789
3.85532704747701E-8	0.0617087700656411	5.79180393593898	79.0366359942477
3.89103582290826E-8	0.0614060338999839	5.76481213251778	78.5231022469125
3.92707533983749E-8	0.0611047829233183	5.73794612020759	78.0129051409503
3.96344866165558E-8	0.0608050098494773	5.71120531277848	77.5060229968209
4.0001588801272E-8	0.0605067074280387	5.68458912673253	77.0024342758448
4.03720911565347E-8	0.0602098684441499	5.65809698129111	76.5021175792878
4.0746025175373E-8	0.0599144857183539	5.63172829838224	76.005051647453
4.11234226425104E-8	0.059620552106415	5.60548250262795	75.511215358776
4.15043156370663E-8	0.0593280604991465	5.57935902133171	75.0205877289277
4.18887365352836E-8	0.0590370038222383	5.55335728446599	74.5331479099236
4.22767180132795E-8	0.0587473750360865	5.52747672465977	74.0488751892367
4.2668293049824E-8	0.0584591671356221	5.50171677718615	73.5677489889181
4.30634949291429E-8	0.0581723731501427	5.47607687995007	73.0897488647217
4.34623572437463E-8	0.0578869861431432	5.45055647347605	72.6148545052374
4.38649138972852E-8	0.057602999212148	5.42515500089592	72.1430457310256
4.42711991074323E-8	0.0573204054885444	5.39987190793672	71.674302493761
4.46812474087909E-8	0.0570391981374165	5.37470664290863	71.2086048753814
4.50950936558306E-8	0.0567593703573795	5.34965865669282	70.7459330872398
4.55127730258497E-8	0.0564809153804154	5.32472740272962	70.2862674692641
4.59343210219653E-8	0.0562038264717092	5.29991233700645	69.8295884891221
4.63597734761311E-8	0.0559280969294867	5.27521291804607	69.3758767413914
4.67891665521833E-8	0.0556537200848513	5.25062860689469	68.9251129467346
4.72225367489144E-8	0.0553806893016235	5.22615886711023	68.47727795108
4.76599209031756E-8	0.0551089979761799	5.20180316475061	68.0323527248079
4.81013561930085E-8	0.0548386395372939	5.17756096836211	67.5903183619416
4.85468801408042E-8	0.0545696074459766	5.15343174896776	67.151156079345
4.89965306164935E-8	0.0543018951953184	5.12941498005581	66.7148472159234
4.94503458407663E-8	0.0540354963103323	5.10551013756825	66.281373231831
4.99083643883189E-8	0.0537704043477964	5.08171669988935	65.850715707683
5.03706251911348E-8	0.0535066128960988	5.05803414783427	65.4228563437732
5.08371675417921E-8	0.0532441155750819	5.03446196463778	64.9977769592957
5.13080310968046E-8	0.0529829060358889	5.01099963594295	64.5754594915736
5.17832558799926E-8	0.0527229779608095	4.98764664978991	64.1558859952901
5.22628822858842E-8	0.0524643250631273	4.96440249660472	63.7390386417265
5.27469510831497E-8	0.0522069410869677	4.94126666918822	63.3248997180048
5.32355034180664E-8	0.0519508198071472	4.91823866270497	62.9134516263353
5.3728580818016E-8	0.0516959550290218	4.89531797467226	62.5046768832679
5.42262251950156E-8	0.0514423405883381	4.87250410494909	62.0985581189496
5.47284788492784E-8	0.0511899703510836	4.84979655572531	61.6950780763874
5.5235384472811E-8	0.0509388382133387	4.82719483151074	61.2942196107132
5.57469851530413E-8	0.0506889381011287	4.80469843912433	60.8959656884565
5.62633243764808E-8	0.0504402639702774	4.78230688768346	60.5002993868205
5.6784446032422E-8	0.0501928098062606	4.76001968859317	60.1072038929628
5.7310394416668E-8	0.0499465696240603	4.73783635553551	59.7166625032805
5.78412142352982E-8	0.049701537468021	4.71575640445897	59.3286586227018
5.83769506084683E-8	0.0494577074117043	4.69377935356786	58.943175763979
5.89176490742453E-8	0.0492150735577466	4.67190472331185	58.5601975469897
5.94633555924788E-8	0.048973630037716	4.65013203637545	58.1797076980394
6.00141165487071E-8	0.0487333710119702	4.62846081766763	57.8016900491705
6.05699787581001E-8	0.0484942906695161	4.60689059431148	57.4261285374758
6.11309894694391E-8	0.0482563832278682	4.58542089563383	57.0530072044152
6.16971963691322E-8	0.0480196429329093	4.56405125315501	56.6823101951377
6.22686475852685E-8	0.0477840640587512	4.54278120057863	56.3140217578078
6.28453916917085E-8	0.0475496409075965	4.52161027378142	55.9481262429366
6.34274777122128E-8	0.0473163678096004	4.50053801080307	55.584608102716
6.40149551246101E-8	0.0470842391227335	4.47956395183614	55.2234518903586
6.46078738650014E-8	0.0468532492326458	4.45868763921609	54.8646422594413
6.52062843320062E-8	0.0466233925525308	4.43790861741124	54.5081639632529
6.5810237391045E-8	0.0463946635229896	4.41722643301284	54.1540018541462
6.64197843786637E-8	0.046167056611898	4.3966406347252	53.8021408828951
6.70349771068975E-8	0.0459405663142709	4.37615077335579	53.452566098054
6.76558678676739E-8	0.0457151871521305	4.3557564018055	53.1052626453233
6.82825094372588E-8	0.0454909136743734	4.33545707505885	52.7602157669179
6.89149550807416E-8	0.0452677404566382	4.31525235017427	52.4174108009402
6.95532585565631E-8	0.0450456621011754	4.29514178627447	52.0768331807569
7.01974741210856E-8	0.0448246732367159	4.2751249445368	51.7384684343802
7.08476565332033E-8	0.0446047685183414	4.25520138818366	51.4023021838528
7.15038610589987E-8	0.0443859426273552	4.23537068247299	51.0683201446367
7.21661434764385E-8	0.0441681902711537	4.21563239468879	50.7365081250069
7.28345600801158E-8	0.0439515061830981	4.19598609413165	50.4068520254478
7.35091676860355E-8	0.0437358851223869	4.17643135210936	50.0793378380538
7.41900236364425E-8	0.0435213218739298	4.1569677419276	49.7539516459352
7.48771858046967E-8	0.0433078112482208	4.13759483888057	49.4306796226253
7.55707126001926E-8	0.0430953480812131	4.11831222024172	49.1095080314939
7.62706629733227E-8	0.0428839272341942	4.0991194652546	48.7904232251639
7.69770964204904E-8	0.0426735435936616	4.0800161551236	48.4734116449302
7.76900729891655E-8	0.0424641920711986	4.06100187300485	48.1584598201845
7.84096532829887E-8	0.0422558676033524	4.04207620399711	47.8455543678428
7.9135898466924E-8	0.0420485651515104	4.02323873513273	47.534681991776
7.98688702724561E-8	0.0418422797017791	4.00448905536864	47.2258294822461
8.06086310028394E-8	0.0416370062648624	3.98582675557735	46.9189837153438
8.13552435383922E-8	0.0414327398759413	3.96725142853806	46.6141316524315
8.21087713418425E-8	0.0412294755945535	3.94876266892775	46.3112603395887
8.28692784637225E-8	0.0410272085044742	3.93036007331237	46.0103569070624
8.36368295478122E-8	0.0408259337135968	3.91204324013797	45.7114085687193
8.44114898366353E-8	0.0406256463538149	3.89381176972202	45.4144026215028
8.51933251770035E-8	0.0404263415809047	3.87566526424463	45.119326444894
8.59824020256144E-8	0.0402280145744073	3.85760332773988	44.8261675003739
8.67787874547009E-8	0.0400306605375126	3.8396255660872	44.534913330892
8.75825491577306E-8	0.039834274696943	3.82173158700276	44.2455515603363
8.83937554551621E-8	0.0396388523028382	3.80392100003091	43.9580698930075
8.92124753002502E-8	0.03944438862864	3.78619341653563	43.6724561130962
9.00387782849083E-8	0.0392508789709783	3.76854844969211	43.3886980841649
9.08727346456236E-8	0.039058318649557	3.75098571447827	43.1067837486309
9.17144152694266E-8	0.0388667030070413	3.73350482766636	42.826701127255
9.25638916999175E-8	0.0386760274089443	3.7161054078146	42.5484383186318
9.34212361433466E-8	0.0384862872435158	3.69878707525886	42.2719834986844
9.42865214747522E-8	0.0382974779216303	3.68154945210439	41.9973249201621
9.51598212441558E-8	0.0381095948766757	3.66439216221755	41.7244509121404
9.60412096828123E-8	0.0379226335644434	3.64731483121761	41.4533498795259
9.69307617095217E-8	0.037736589463018	3.63031708646859	41.1840103025634
9.78285529369954E-8	0.0375514580726684	3.61339855707111	40.9164207363462
9.87346596782842E-8	0.0373672349157385	3.59655887385433	40.6505698103299
9.96491589532657E-8	0.0371839155365388	3.57979766936785	40.3864462278493
1.00572128495189E-7	0.0370014955012394	3.56311457787373	40.1240387656384
1.01503646757286E-7	0.036819970397762	3.5465092353385	39.8633362733532
1.02443792919434E-7	0.0366393358356734	3.52998127942518	39.604327673098
1.03392646894891E-7	0.0364595874460795	3.51353034948546	39.3470019589553
1.04350289337088E-7	0.0362807208815194	3.49715608655172	39.0913481965171
1.05316801646481E-7	0.0361027318158604	3.48085813332928	38.837355522421
1.06292265977476E-7	0.0359256159441931	3.46463613418857	38.5850131438882
1.07276765245406E-7	0.035749368982728	3.44848973515739	38.3343103382652
1.08270383133581E-7	0.0355739866686909	3.43241858391316	38.085236452568
1.09273204100405E-7	0.0353994647602204	3.41642232977524	37.8377809030294
1.1028531338655E-7	0.0352257990362653	3.4005006236973	37.5919331746494
1.11306797022203E-7	0.0350529852964822	3.38465311825965	37.3476828207481
1.12337741834379E-7	0.0348810193611345	3.36887946766176	37.1050194625225
1.13378235454302E-7	0.0347098970709905	3.35317932771458	36.8639327886043
1.14428366324855E-7	0.0345396142872232	3.33755235583314	36.6244125546229
1.15488223708091E-7	0.0343701668913106	3.32199821102903	36.3864485827695
1.1655789769283E-7	0.0342015507849353	3.30651655390295	36.1500307613646
1.1763747920231E-7	0.034033761889886	3.29110704663733	35.9151490444287
1.18727060001917E-7	0.0338667961479587	3.27576935298894	35.681793451255
1.19826732706985E-7	0.0337006495208581	3.26050313828156	35.4499540659856
1.20936590790671E-7	0.0335353179901008	3.24530806939868	35.2196210371901
1.22056728591897E-7	0.0333707975569173	3.23018381477623	34.9907845774466
1.23187241323369E-7	0.0332070842421557	3.21513004439533	34.7634349629265
1.24328225079674E-7	0.0330441740861854	3.20014642977512	34.5375625329808
1.25479776845442E-7	0.0328820631488013	3.18523264396556	34.3131576897296
1.26641994503597E-7	0.0327207475091284	3.17038836154031	34.0902108976548
1.2781497684367E-7	0.0325602232655271	3.15561325858965	33.8687126831938
1.28998823570201E-7	0.0324004865354988	3.14090701271335	33.6486536343385
1.30193635311213E-7	0.0322415334555921	3.12626930301372	33.4300244002338
1.31399513626763E-7	0.0320833601813092	3.11169981008854	33.2128156907816
1.32616561017579E-7	0.0319259628870128	3.09719821602412	32.9970182762448
1.3384488093377E-7	0.0317693377658339	3.08276420438835	32.7826229868562
1.35084577783617E-7	0.0316134810295796	3.06839746022382	32.5696207124281
1.36335756942453E-7	0.0314583889086413	3.05409767004091	32.3580024019657
1.37598524761618E-7	0.0313040576519038	3.03986452181098	32.1477590632819
1.38872988577496E-7	0.0311504835266544	3.02569770495955	31.9388817626159
1.40159256720643E-7	0.0309976628184925	3.01159691035954	31.7313616242532
1.41457438524992E-7	0.0308455918312402	2.99756183032446	31.5251898301482
1.42767644337149E-7	0.0306942668868525	2.98359215860182	31.3203576195503
1.44089985525771E-7	0.0305436843253283	2.96968759036629	31.1168562886305
1.45424574491031E-7	0.0303938405046225	2.9558478222132	30.9146771901128
1.46771524674178E-7	0.0302447318005569	2.94207255215181	30.7138117329056
1.4813095056717E-7	0.0300963546067335	2.92836147959877	30.5142513817376
1.49502967722416E-7	0.0299487053344467	2.91471430537157	30.3159876567945
1.50887692762592E-7	0.0298017804125968	2.90113073168197	30.1190121333588
1.52285243390553E-7	0.0296555762876034	2.88761046212953	29.923316441452
1.53695738399346E-7	0.0295100894233194	2.87415320169515	29.7288922654788
1.55119297682296E-7	0.0293653163009461	2.8607586567346	29.5357313438736
1.56556042243206E-7	0.0292212534189473	2.84742653497217	29.34382546875
1.58006094206639E-7	0.0290778972929648	2.83415654549421	29.1531664855512
1.59469576828298E-7	0.0289352444557347	2.82094839874287	28.9637462927042
1.60946614505506E-7	0.0287932914570026	2.8078018065097	28.775556841275
1.62437332787774E-7	0.0286520348634411	2.79471648192944	28.5885901346273
1.63941858387481E-7	0.028511471258566	2.78169213947369	28.4028382280819
1.65460319190638E-7	0.0283715972426541	2.76872849494472	28.2182932285796
1.66992844267759E-7	0.0282324094326609	2.75582526546927	28.0349472943457
1.68539563884837E-7	0.0280939044621385	2.74298216949236	27.8527926345565
1.70100609514413E-7	0.0279560789811548	2.73019892677114	27.6718215090089
1.71676113846748E-7	0.0278189296562118	2.71747525836881	27.4920262277909
1.73266210801111E-7	0.0276824531701653	2.7048108866485	27.3133991509549
1.74871035537153E-7	0.0275466462221447	2.69220553526723	27.1359326881936
1.76490724466401E-7	0.0274115055274729	2.67965892916986	26.9596192985167
1.78125415263851E-7	0.0272770278175874	2.66717079458311	26.784451489931
1.79775246879672E-7	0.0271432098399605	2.6547408590096	26.6104218191218
1.81440359551015E-7	0.0270100483580214	2.64236885122183	26.4375228911368
1.83120894813935E-7	0.0268775401510774	2.63005450125637	26.2657473590718
1.84816995515421E-7	0.0267456820142358	2.61779754040788	26.0950879237581
1.86528805825537E-7	0.0266144707583274	2.60559770122327	25.9255373334533
1.88256471249679E-7	0.0264839032098282	2.59345471749591	25.7570883835322
1.90000138640941E-7	0.0263539762107832	2.58136832425976	25.5897339161811
1.91759956212599E-7	0.0262246866187303	2.56933825778362	25.4234668200936
1.93536073550708E-7	0.0260960313066236	2.55736425556536	25.2582800301684
1.95328641626818E-7	0.0259680071627582	2.5454460563262	25.0941665272092
1.97137812810806E-7	0.025840611090695	2.53358340000503	24.931119337626
1.98963740883829E-7	0.0257138400091856	2.5217760277527	24.7691315331394
2.00806581051392E-7	0.0255876908520978	2.51002368192638	24.6081962304858
2.02666489956546E-7	0.0254621605683416	2.49832610608395	24.4483065911252
2.04543625693198E-7	0.0253372461217951	2.4866830449784	24.2894558209499
2.06438147819552E-7	0.0252129444912316	2.47509424455227	24.1316371699971
2.08350217371669E-7	0.025089252670246	2.46355945193207	23.9748439321606
2.10279996877158E-7	0.0249661676671821	2.45207841542281	23.8190694449069
2.1222765036899E-7	0.0248436865050608	2.44065088450247	23.6643070889917
2.1419334339944E-7	0.0247218062215074	2.42927660981656	23.5105502881786
2.1617724305416E-7	0.0246005238686804	2.41795534317267	23.3577925089599
2.18179517966381E-7	0.0244798365132001	2.40668683753504	23.2060272602785
2.20200338331247E-7	0.0243597412360776	2.39547084701919	23.0552480932527
2.22239875920284E-7	0.0242402351326441	2.38430712688655	22.9054486009017
2.24298304095996E-7	0.0241213153124811	2.3731954335391	22.7566224178734
2.26375797826603E-7	0.0240029788993498	2.36213552451409	22.6087632201744
2.28472533700919E-7	0.0238852230311222	2.35112715847872	22.4618647249004
2.30588689943351E-7	0.0237680448597112	2.34017009522488	22.3159206899701
2.3272444642906E-7	0.0236514415510025	2.32926409566392	22.1709249138595
2.34879984699241E-7	0.0235354102847854	2.31840892182143	22.0268712353385
2.3705548797656E-7	0.0234199482546849	2.30760433683204	21.8837535332088
2.39251141180726E-7	0.0233050526680936	2.29685010493424	21.7415657260445
2.41467130944211E-7	0.0231907207461047	2.28614599146526	21.6003017719328
2.43703645628111E-7	0.023076949723444	2.27549176285595	21.4599556682181
2.45960875338159E-7	0.0229637368484035	2.26488718662565	21.3205214512462
2.48239011940882E-7	0.0228510793827749	2.25433203137717	21.1819931961115
2.50538249079914E-7	0.0227389746017833	2.24382606679168	21.0443650164048
2.52858782192453E-7	0.022627419794021	2.23336906362374	20.9076310639634
2.55200808525872E-7	0.0225164122613823	2.22296079369625	20.7717855286225
2.57564527154487E-7	0.0224059493189979	2.21260102989552	20.6368226379685
2.59950138996481E-7	0.0222960282951705	2.20228954616626	20.5027366570932
2.62357846830976E-7	0.0221866465313097	2.19202611750669	20.3695218883509
2.64787855315275E-7	0.0220778013818676	2.18181051996363	20.2371726711156
2.67240371002256E-7	0.0219694902142754	2.17164253062757	20.1056833815408
2.69715602357928E-7	0.0218617104088791	2.16152192762785	19.9750484323203
2.72213759779154E-7	0.0217544593588768	2.15144849012781	19.8452622724514
2.7473505561153E-7	0.0216477344702548	2.14142199831996	19.7163193869981
2.77279704167441E-7	0.0215415331617258	2.13144223342118	19.5882142968573
2.79847921744272E-7	0.0214358528646655	2.12150897766797	19.4609415585262
2.82439926642796E-7	0.0213306910230515	2.11162201431166	19.3344957638703
2.8505593918573E-7	0.0212260450934004	2.10178112761373	19.2088715398942
2.8769618173646E-7	0.0211219125447075	2.09198610284107	19.0840635485131
2.90360878717947E-7	0.0210182908583843	2.08223672626128	18.9600664863259
2.930502566318E-7	0.0209151775281985	2.07253278513805	18.8368750843896
2.95764544077527E-7	0.0208125700602131	2.06287406772647	18.7144841079964
2.98503971771971E-7	0.020710465972726	2.05326036326848	18.59288835645
3.01268772568914E-7	0.0206088627962101	2.04369146198817	18.4720826628452
3.04059181478881E-7	0.0205077580732535	2.0341671550873	18.3520618938485
3.06875435689104E-7	0.0204071493585	2.02468723474067	18.2328209494799
3.0971777458369E-7	0.0203070342185901	2.01525149409164	18.1143547628957
3.12586439763968E-7	0.0202074102321022	2.00585972724759	17.9966583001739
3.15481675069022E-7	0.0201082749894937	1.99651172927541	17.8797265601
3.18403726596426E-7	0.020009626093043	1.98720729619709	17.7635545739541
3.21352842723149E-7	0.0199114611567917	1.97794622498518	17.6481374053006
3.24329274126682E-7	0.0198137778064862	1.96872831355844	17.5334701497776
3.27333273806334E-7	0.0197165736795211	1.95955336077739	17.419547934889
3.30365097104743E-7	0.0196198464248815	1.95042116643994	17.3063659197975
3.33425001729582E-7	0.0195235937030863	1.94133153127697	17.1939192951183
3.36513247775458E-7	0.0194278131861317	1.93228425694808	17.0822032827156
3.39630097746026E-7	0.0193325025574347	1.92327914603716	16.9712131354989
3.427758165763E-7	0.0192376595117772	1.91431600204814	16.8609441372215
3.4595067165517E-7	0.0191432817552506	1.90539462940072	16.7513916022803
3.49154932848138E-7	0.0190493670051994	1.89651483342601	16.6425508755162
3.52388872520247E-7	0.0189559129901669	1.88767642036241	16.534417332017
3.5565276555924E-7	0.0188629174498398	1.87887919735127	16.42698637692
3.58946889398922E-7	0.0187703781349936	1.87012297243274	16.3202534452175
3.6227152404274E-7	0.0186782928074384	1.86140755454158	16.2142140015626
3.65626952087593E-7	0.0185866592399644	1.85273275350296	16.1088635400763
3.6901345874784E-7	0.0184954752162883	1.84409838002836	16.0041975841562
3.72431331879554E-7	0.0184047385309998	1.83550424571138	15.9002116862862
3.75880862004983E-7	0.0183144469895078	1.82695016302367	15.7969014278477
3.79362342337249E-7	0.0182245984079879	1.81843594531083	15.6942624189314
3.82876068805271E-7	0.0181351906133291	1.80996140678833	15.5922902981513
3.86422340078915E-7	0.0180462214430815	1.80152636253746	15.4909807324591
3.90001457594388E-7	0.0179576887454038	1.7931306285013	15.3903294169601
3.93613725579854E-7	0.0178695903790117	1.78477402148069	15.2903320747302
3.97259451081298E-7	0.0177819242131255	1.77645635913025	15.1909844566344
4.00938943988623E-7	0.017694688127419	1.76817745995439	15.0922823411459
4.0465251706199E-7	0.017607880011968	1.75993714330335	14.994221534167
4.08400485958408E-7	0.0175214977671995	1.75173522936926	14.8967978688509
4.12183169258558E-7	0.0174355393038405	1.7435715391822	14.8000072054243
4.16000888493877E-7	0.017350002542868	1.73544589460636	14.703845431012
4.19853968173889E-7	0.0172648854154583	1.72735811833605	14.6083084594615
4.23742735813785E-7	0.0171801858629372	1.71930803389193	14.5133922311701
4.27667521962267E-7	0.01709590183673	1.71129546561707	14.4190927129117
4.31628660229639E-7	0.0170120312983122	1.70332023867319	14.325405897666
4.35626487316169E-7	0.0169285722191601	1.69538217903683	14.2323278044478
4.39661343040708E-7	0.0168455225807014	1.6874811134955	14.139854478138
4.43733570369572E-7	0.0167628803742671	1.67961686964397	14.0479819893158
4.478435154457E-7	0.0166806436010421	1.67178927588047	13.956706434091
4.51991527618069E-7	0.0165988102720177	1.66399816140295	13.8660239339391
4.56177959471395E-7	0.0165173784079427	1.65624335620536	13.7759306355356
4.60403166856101E-7	0.0164363460392759	1.64852469107394	13.6864227105929
4.64667508918563E-7	0.0163557112061387	1.64084199758351	13.5974963556972
4.68971348131643E-7	0.0162754719582672	1.63319510809383	13.5091477921472
4.73315050325492E-7	0.0161956263549653	1.6255838557459	13.4213732657932
4.7769898471865E-7	0.0161161724650578	1.61800807445837	13.334169046878
4.82123523949433E-7	0.0160371083668437	1.61046759892384	13.2475314298779
4.865890441076E-7	0.0159584321480495	1.60296226460535	13.1614567333458
4.9109592476633E-7	0.015880141905783	1.59549190773271	13.0759412997542
4.95644549014477E-7	0.0158022357464877	1.58805636529896	12.9909814953403
5.00235303489138E-7	0.0157247117858965	1.58065547505681	12.9065737099514
5.04868578408518E-7	0.0156475681489861	1.57328907551509	12.8227143568912
5.09544767605097E-7	0.0155708029699322	1.56595700593526	12.7393998727679
5.14264268559106E-7	0.0154944143920638	1.55865910632786	12.6566267173424
5.19027482432315E-7	0.0154184005678186	1.55139521744902	12.5743913733779
5.23834814102129E-7	0.0153427596586982	1.54416518079703	12.4926903464908
5.28686672196008E-7	0.0152674898352236	1.53696883860884	12.4115201650018
5.33583469126194E-7	0.0151925892768911	1.52980603385662	12.3308773797886
5.38525621124772E-7	0.0151180561721282	1.52267661024437	12.2507585641392
5.43513548279049E-7	0.0150438887182497	1.51558041220445	12.1711603136064
5.48547674567257E-7	0.0149700851214143	1.50851728489425	12.0920792458631
5.536284278946E-7	0.0148966435965808	1.50148707419276	12.0135120005586
5.58756240129618E-7	0.0148235623674655	1.49448962669724	11.9354552391758
5.63931547140903E-7	0.0147508396664988	1.48752478971985	11.8579056448892
5.69154788834144E-7	0.0146784737347826	1.48059241128432	11.7808599224244
5.74426409189518E-7	0.0146064628220478	1.47369234012267	11.7043147979174
5.79746856299436E-7	0.0145348051866118	1.46682442567186	11.628267018776
5.85116582406621E-7	0.0144634990953368	1.45998851807052	11.5527133535416
5.9053604394256E-7	0.0143925428235872	1.4531844681557	11.4776505917514
5.96005701566292E-7	0.0143219346551885	1.44641212745959	11.4030755438025
6.01526020203567E-7	0.0142516728823855	1.43967134820631	11.3289850408163
6.07097469086372E-7	0.014181755805801	1.43296198330865	11.2553759345034
6.12720521792802E-7	0.0141121817343948	1.42628388636488	11.1822450970303
6.18395656287331E-7	0.0140429489854228	1.41963691165555	11.1095894208864
6.24123354961426E-7	0.013974055884396	1.41302091414031	11.0374058187518
6.29904104674555E-7	0.0139055007650407	1.40643574945477	10.9656912233663
6.35738396795576E-7	0.0138372819692573	1.39988127390731	10.8944425873987
6.41626727244495E-7	0.0137693978470809	1.39335734447595	10.8236568833178
6.47569596534629E-7	0.013701846756641	1.38686381880526	10.7533311032636
6.53567509815138E-7	0.0136346270641222	1.38040055520325	10.6834622589191
6.59620976913974E-7	0.013567737143724	1.37396741263822	10.6140473813838
6.65730512381215E-7	0.0135011753776223	1.36756425073577	10.5450835210476
6.71896635532794E-7	0.0134349401559295	1.36119092977567	10.4765677474648
6.78119870494654E-7	0.0133690298766561	1.35484731068883	10.4084971492304
6.84400746247288E-7	0.0133034429456719	1.34853325505429	10.3408688338557
6.90739796670707E-7	0.0132381777766671	1.34224862509617	10.2736799276459
6.97137560589826E-7	0.0131732327911142	1.33599328368066	10.2069275755778
7.03594581820253E-7	0.01310860641823	1.32976709431306	10.1406089411783
7.10111409214525E-7	0.013044297094937	1.32356992113478	10.0747212064043
7.16688596708752E-7	0.0129803032658262	1.31740162892036	10.0092615715223
7.23326703369708E-7	0.0129166233831193	1.31126208307456	9.94422725499017
7.30026293442349E-7	0.0128532559066312	1.30515114962938	9.87961549333853
7.36787936397777E-7	0.0127901993037327	1.29906869524118	9.81542354105333
7.43612206981647E-7	0.0127274520493135	1.29301458718773	9.75164867045931
7.50499685263011E-7	0.0126650126257454	1.28698869336533	9.68828817160405
7.57450956683637E-7	0.0126028795228454	1.28099088228593	9.62533935214277
7.64466612107762E-7	0.0125410512378395	1.27502102307429	9.56279953722406
7.71547247872324E-7	0.0124795262753258	1.26907898546504	9.50066606937602
7.78693465837649E-7	0.0124183031472389	1.26316463979994	9.43893630839348
7.85905873438604E-7	0.0123573803728137	1.25727785702497	9.37760763122585
7.93185083736236E-7	0.0122967564785495	1.25141850868756	9.31667743186546
8.00531715469877E-7	0.0122364299981744	1.24558646693377	9.25614312123708
8.07946393109747E-7	0.0121763994726099	1.23978160450551	9.19600212708766
8.15429746910026E-7	0.0121166634499355	1.23400379473775	9.13625189387721
8.22982412962427E-7	0.0120572204853538	1.22825291155575	9.07688988267008
8.30605033250267E-7	0.0119980691411553	1.22252882947236	9.01791357102726
8.38298255703033E-7	0.0119392079866837	1.2168314235852	8.95932045289896
8.46062734251462E-7	0.0118806355983015	1.21116056957401	8.90110803851827
8.53899128883124E-7	0.0118223505593552	1.20551614369789	8.84327385429527
8.61808105698514E-7	0.0117643514601415	1.1998980227926	8.78581544271209
8.6979033696768E-7	0.0117066368978726	1.19430608426793	8.72873036221826
8.77846501187362E-7	0.011649205476643	1.18874020610495	8.67201618712718
8.85977283138669E-7	0.011592055807395	1.18320026685339	8.61567050751284
8.94183373945286E-7	0.0115351865078857	1.17768614562897	8.55969092910757
9.02465471132211E-7	0.0114785962026531	1.17219772211079	8.50407507320023
9.10824278685054E-7	0.0114222835229834	1.16673487653868	8.44882057653518
9.19260507109873E-7	0.0113662471068772	1.16129748971058	8.39392509121181
9.27774873493574E-7	0.0113104855990172	1.15588544297998	8.3393862845848
9.36368101564856E-7	0.0112549976507349	1.15049861825327	8.28520183916495
9.4504092175573E-7	0.0111997819199783	1.14513689798723	8.23136945252079
9.53794071263608E-7	0.0111448370712794	1.13980016518641	8.17788683718071
9.62628294113964E-7	0.0110901617757218	1.13448830340061	8.12475172053574
9.71544341223582E-7	0.0110357547109087	1.12920119672232	8.07196184474298
9.80542970464381E-7	0.0109816145609306	1.12393872978421	8.01951496662964
9.8962494672783E-7	0.010927740016334	1.11870078775658	7.9674088575978
9.9879104198997E-7	0.0108741297740892	1.11348725634491	7.91564130352969
1.00804203537703E-6	0.0108207825375593	1.1082980217873	7.86421010469351
1.01737871323167E-6	0.0107676970164681	1.10313297085203	7.81311307565006
1.02680186917977E-6	0.0107148719268697	1.09799199083509	7.76234804515984
1.03631230419798E-6	0.0106623059911169	1.0928749695577	7.71191285609079
1.04591082668169E-6	0.0106099979378308	1.08778179536387	7.66180536532663
1.05559825251383E-6	0.0105579465018694	1.08271235711797	7.61202344367582
1.06537540513421E-6	0.0105061504242974	1.07766654420229	7.56256497578104
1.07524311560946E-6	0.0104546084523559	1.07264424651465	7.51342786002926
1.08520222270375E-6	0.0104033193394316	1.06764535446598	7.46461000846262
1.09525357295E-6	0.0103522818450272	1.06266975897794	7.41610934668951
1.10539802072191E-6	0.010301494734731	1.05771735148051	7.36792381379652
1.11563642830654E-6	0.0102509567801872	1.05278802390966	7.3200513622608
1.12596966597762E-6	0.0102006667590662	1.04788166870498	7.27248995786321
1.13639861206953E-6	0.010150623455035	1.04299817880732	7.22523757960168
1.14692415305193E-6	0.0101008256577278	1.03813744765647	7.17829221960546
1.15754718360516E-6	0.0100512721627166	1.03329936918882	7.13165188304977
1.16826860669622E-6	0.0100019617714824	1.02848383783505	7.08531458807103
1.17908933365562E-6	0.00995289329138582	1.02369074851784	7.03927836568263
1.19001028425473E-6	0.00990406553563854	1.01891999664956	6.99354125969132
1.20103238678405E-6	0.00985547732327442	1.01417147812999	6.94810132661402
1.21215657813207E-6	0.00980712747912105	1.00944508934407	6.90295663559529
1.22338380386493E-6	0.00975901483377124	1.0047407271596	6.85810526832521
1.23471501830679E-6	0.00971113822355481	1.00005828892503	6.81354531895795
1.24615118462093E-6	0.00966349649051039	0.995397672467195	6.76927489403072
1.25769327489162E-6	0.00961608848235745	0.990758776089083	6.7252921123834
1.26934227020679E-6	0.00956891305246843	0.986141498567638	6.68159510507849
1.28109916074138E-6	0.00952196905984095	0.981545739151533	6.63818201532177
1.29296494584151E-6	0.00947525536907031	0.976971397558975	6.59505099838338
1.30494063410945E-6	0.00942877085032193	0.972418373975525	6.55220022151943
1.31702724348934E-6	0.00938251437930409	0.967886569051908	6.50962786389413
1.32922580135368E-6	0.00933648483724074	0.963375883901853	6.46733211650242
1.34153734459072E-6	0.00929068111084437	0.958886220099933	6.42531118209308
1.35396291969258E-6	0.00924510209228915	0.954417479679415	6.38356327509239
1.36650358284416E-6	0.00919974667918414	0.94996956513013	6.34208662152824
1.37916040001294E-6	0.00915461377454655	0.945542379396335	6.30087945895472
1.39193444703964E-6	0.00910970228677536	0.941135825874606	6.25994003637733
1.40482680972957E-6	0.0090650111296247	0.936749808411716	6.21926661417843
1.41783858394501E-6	0.00902053922217776	0.932384231302551	6.17885746404343
1.43097087569831E-6	0.0089762854888206	0.928038999288016	6.13871086888733
1.44422480124593E-6	0.00893224885921608	0.923714017552954	6.09882512278173
1.4576014871833E-6	0.00888842826827806	0.919409191724081	6.05919853088235
1.4711020705406E-6	0.00884482265614552	0.915124427867923	6.01982940935701
1.48472769887939E-6	0.00880143096815706	0.91085963248877	5.98071608531407
1.49847953039017E-6	0.0087582521548253	0.906614712526634	5.94185689673141
1.51235873399082E-6	0.00871528517181152	0.902389575355217	5.90325019238571
1.52636648942597E-6	0.00867252897990044	0.898184128779895	5.86489433178237
1.54050398736727E-6	0.008629982544975	0.8939982810357	5.82678768508571
1.55477242951457E-6	0.00858764483799144	0.88983194078532	5.78892863304981
1.56917302869813E-6	0.00854551483495437	0.885685017117109	5.75131556694965
1.58370700898166E-6	0.00850359151689196	0.881557419543096	5.71394688851274
1.59837560576637E-6	0.00846187386983142	0.877449057997023	5.67682100985129
1.61318006589602E-6	0.0084203608847743	0.873359842832364	5.6399363533946
1.62812164776284E-6	0.00837905155767224	0.869289684820379	5.60329135182214
1.64320162141457E-6	0.00833794488940263	0.865238495148167	5.5668844479969
1.65842126866234E-6	0.00829703988574439	0.861206185416722	5.53071409489925
1.67378188318967E-6	0.00825633555735406	0.857192667639014	5.49477875556117
1.68928477066243E-6	0.00821583091974171	0.853197854238057	5.45907690300097
1.70493124883982E-6	0.00817552499324722	0.849221658045004	5.42360702015836
1.72072264768636E-6	0.00813541680301658	0.845263992297247	5.38836759983007
1.73666030948497E-6	0.00809550537897833	0.841324770636524	5.35335714460571
1.75274558895104E-6	0.00805578975582003	0.83740390710703	5.31857416680421
1.76897985334761E-6	0.00801626897296495	0.83350131615354	5.28401718841057
1.78536448260156E-6	0.00797694207454887	0.829616912619551	5.24968474101307
1.80190086942091E-6	0.00793780810939691	0.825750611745416	5.21557536574085
1.81859041941321E-6	0.00789886613100055	0.8219023291665	5.18168761320197
1.83543455120503E-6	0.00786011519749475	0.818071980911334	5.14802004342178
1.85243469656251E-6	0.0078215543716351	0.814259483399784	5.11457122578173
1.86959230051311E-6	0.00778318272077527	0.810464753441229	5.08133973895857
1.88690882146838E-6	0.00774499931684434	0.806687708232748	5.04832417086404
1.90438573134796E-6	0.00770700323632441	0.802928265357307	5.01552311858475
1.92202451570472E-6	0.00766919356022828	0.799186342781964	4.98293518832263
1.93982667385096E-6	0.00763156937407715	0.795461858856079	4.9505589953357
1.95779371898594E-6	0.00759412976787859	0.791754732309532	4.9183931638792
1.97592717832443E-6	0.00755687383610445	0.788064882250952	4.8864363271472
1.99422859322657E-6	0.00751980067766902	0.784392228165946	4.85468712721442
2.01269951932886E-6	0.00748290939590725	0.780736689915351	4.82314421497864
2.03134152667643E-6	0.00744619909855295	0.777098187733473	4.79180625010325
2.05015619985642E-6	0.00740966889771734	0.773476642226361	4.76067190096042
2.06914513813277E-6	0.00737331790986749	0.769871974370062	4.72973984457442
2.08830995558208E-6	0.00733714525580502	0.766284105508903	4.69900876656545
2.10765228123083E-6	0.00730115006064476	0.762712957353775	4.6684773610938
2.12717375919388E-6	0.00726533145379362	0.759158451980422	4.63814433080432
2.14687604881417E-6	0.0072296885689296	0.755620511827744	4.60800838677132
2.1667608248038E-6	0.00719422054398069	0.752099059696099	4.57806824844378
2.18682977738639E-6	0.0071589265211042	0.748594018745624	4.54832264359098
2.2070846124407E-6	0.00712380564666584	0.745105312494555	4.51877030824838
2.22752705164571E-6	0.00708885707121919	0.741632864817563	4.48940998666396
2.24815883262686E-6	0.00705407994948511	0.738176599944085	4.46024043124484
2.26898170910387E-6	0.00701947344033129	0.734736442456676	4.43126040250424
2.28999745103971E-6	0.00698503670675196	0.731312317289363	4.40246866900887
2.31120784479109E-6	0.00695076891584756	0.727904149726008	4.37386400732658
2.33261469326031E-6	0.00691666923880465	0.724511865398673	4.34544520197433
2.35421981604848E-6	0.00688273685087588	0.721135390286002	4.31721104536661
2.37602504961021E-6	0.00684897093135995	0.717774650711601	4.28916033776404
2.39803224740971E-6	0.00681537066358193	0.714429573342439	4.26129188722252
2.42024328007832E-6	0.00678193523487333	0.711100085187238	4.23360450954246
2.44266003557352E-6	0.00674866383655251	0.707786113594886	4.20609702821849
2.46528441933943E-6	0.00671555566390518	0.704487586252849	4.17876827438953
2.48811835446875E-6	0.00668260991616485	0.701204431185595	4.15161708678901
2.51116378186622E-6	0.00664982579649351	0.697936576753024	4.12464231169567
2.53442266041361E-6	0.00661720251196236	0.694683951648903	4.09784280288438
2.55789696713627E-6	0.00658473927353258	0.691446484899308	4.07121742157754
2.58158869737107E-6	0.00655243529603633	0.688224105861083	4.04476503639669
2.60549986493613E-6	0.00652028979815767	0.685016744220287	4.01848452331434
2.6296325023019E-6	0.00648830200241375	0.681824329990673	3.99237476560633
2.65398866076396E-6	0.00645647113513594	0.67864679351215	3.96643465380429
2.67857041061742E-6	0.00642479642645111	0.675484065449267	3.94066308564852
2.70337984133281E-6	0.0063932771102631	0.672336076789701	3.91505896604118
2.72841906173377E-6	0.00636191242423408	0.669202758842751	3.88962120699971
2.75369020017625E-6	0.0063307016097662	0.666084043237838	3.86434872761065
2.77919540472944E-6	0.00629964391198318	0.662979861923012	3.83924045398367
2.80493684335837E-6	0.00626873857971206	0.659890147163469	3.81429531920592
2.83091670410816E-6	0.00623798486546512	0.656814831540076	3.7895122632968
2.85713719529003E-6	0.00620738202542162	0.65375384794789	3.76489023316275
2.88360054566901E-6	0.00617692931941003	0.650707129594707	3.74042818255267
2.91030900465335E-6	0.00614662601088994	0.647674609999592	3.71612507201334
2.93726484248577E-6	0.00611647136693437	0.644656222991438	3.69197986884533
2.96447035043641E-6	0.00608646465821196	0.641651902707516	3.66799154705906
2.9919278409976E-6	0.00605660515896937	0.638661583592041	3.64415908733124
3.01963964808038E-6	0.00602689214701376	0.635685200394739	3.62048147696155
3.04760812721297E-6	0.00599732490369525	0.632722688169427	3.59695770982959
3.07583565574089E-6	0.00596790271388959	0.629773982272595	3.57358678635216
3.10432463302913E-6	0.00593862486598083	0.626839018361988	3.55036771344075
3.13307748066604E-6	0.00590949065184415	0.623917732395214	3.52729950445937
3.16209664266919E-6	0.00588049936682868	0.621010060628337	3.50438117918258
3.1913845856931E-6	0.00585165030974052	0.618115939614492	3.48161176375392
3.2209437992389E-6	0.00582294278282574	0.615235306202498	3.45899029064445
3.250776795866E-6	0.00579437609175348	0.612368097535478	3.43651579861167
3.28088611140557E-6	0.00576594954559922	0.609514251049493	3.41418733265866
3.31127430517617E-6	0.00573766245682802	0.606673704472171	3.39200394399353
3.34194396020121E-6	0.00570951414127792	0.603846395821351	3.36996468998907
3.3728976834286E-6	0.00568150391814339	0.601032263403733	3.34806863414272
3.40413810595229E-6	0.00565363110995883	0.598231245813527	3.32631484603677
3.4356678832359E-6	0.00562589504258219	0.595443281931113	3.30470240129877
3.4674896953385E-6	0.00559829504517874	0.592668310921712	3.28323038156238
3.49960624714235E-6	0.00557083045020475	0.589906272234056	3.2618978744282
3.53202026858284E-6	0.00554350059339141	0.587157105599069	3.2407039734251
3.56473451488058E-6	0.00551630481372871	0.584420751028544	3.21964777797167
3.59775176677552E-6	0.00548924245344946	0.581697148813842	3.19872839333792
3.63107483076339E-6	0.00546231285801347	0.578986239524591	3.17794493060731
3.66470653933418E-6	0.00543551537609159	0.57628796400738	3.15729650663899
3.69864975121298E-6	0.00540884935955004	0.573602263384475	3.13678224403018
3.7329073516029E-6	0.00538231416343471	0.570929079052534	3.11640127107899
3.7674822524304E-6	0.00535590914595555	0.568268352681323	3.09615272174734
3.80237739259273E-6	0.00532963366847106	0.56562002621245	3.07603573562413
3.83759573820776E-6	0.00530348709547285	0.562984041858096	3.05604945788874
3.87314028286611E-6	0.00527746879457027	0.560360342099751	3.03619303927465
3.90901404788564E-6	0.00525157813647509	0.55774886968696	3.01646563603338
3.94522008256822E-6	0.00522581449498628	0.555149567636078	2.99686640989864
3.9817614644589E-6	0.00520017724697493	0.552562379229022	2.9773945280507
4.01864129960759E-6	0.00517466577236908	0.549987248012035	2.95804916308101
4.05586272283299E-6	0.00514927945413882	0.547424117794454	2.93882949295703
4.09342889798911E-6	0.00512401767828126	0.544872932647484	2.9197347009873
4.13134301823419E-6	0.00509887983380578	0.542333636902975	2.90076397578675
4.16960830630208E-6	0.00507386531271921	0.539806175152214	2.88191651124221
4.20822801477623E-6	0.0050489735100111	0.537290492244709	2.86319150647818
4.24720542636613E-6	0.00502420382363913	0.534786533286989	2.84458816582275
4.28654385418635E-6	0.00499955565451454	0.532294243641406	2.82610569877384
4.32624664203818E-6	0.00497502840648759	0.529813568924941	2.80774331996558
4.36631716469382E-6	0.00495062148633322	0.527344455008019	2.78950024913495
4.40675882818324E-6	0.00492633430373667	0.524886848013329	2.77137571108864
4.44757507008373E-6	0.00490216627127917	0.522440694314645	2.75336893567005
4.48876935981207E-6	0.00487811680442376	0.520005940535658	2.73547915772664
4.53034519891946E-6	0.00485418532150118	0.517582533548812	2.71770561707738
4.57230612138911E-6	0.00483037124369574	0.515170420474143	2.70004755848043
4.61465569393666E-6	0.00480667399503138	0.512769548678125	2.6825042316011
4.65739751631337E-6	0.00478309300235769	0.510379865772525	2.66507489097991
4.70053522161206E-6	0.00475962769533609	0.508001319613256	2.64775879600095
4.74407247657597E-6	0.00473627750642599	0.505633858299237	2.63055521086039
4.78801298191042E-6	0.00471304187087112	0.503277430171269	2.61346340453524
4.83236047259734E-6	0.00468992022668583	0.500931983810901	2.59648265075224
4.87711871821279E-6	0.0046669120146415	0.498597468039309	2.57961222795706
4.92229152324738E-6	0.00464401667825302	0.496273831916181	2.56285141928359
4.96788272742962E-6	0.00462123366376533	0.493961024738602	2.54619951252349
5.01389620605234E-6	0.00459856242014005	0.491658996039952	2.52965580009594
5.06033587030203E-6	0.00457600239904211	0.489367695588804	2.51321957901758
5.10720566759137E-6	0.00455355305482652	0.487087073387825	2.4968901508726
5.15450958189473E-6	0.00453121384452516	0.484817079672687	2.48066682178309
5.20225163408681E-6	0.00450898422783363	0.482557664910981	2.46454890237957
5.2504358822844E-6	0.00448686366709824	0.480308779801136	2.44853570777167
5.29906642219137E-6	0.00446485162730293	0.478070375271345	2.43262655751903
5.34814738744675E-6	0.0044429475760564	0.475842402478489	2.41682077560239
5.39768294997616E-6	0.00442115098357918	0.473624812807079	2.40111769039488
5.44767732034637E-6	0.00439946132269083	0.471417557868187	2.38551663463345
5.49813474812323E-6	0.00437787806879723	0.469220589498397	2.37001694539057
5.54905952223288E-6	0.00435640069987781	0.46703385975875	2.35461796404598
5.60045597132629E-6	0.00433502869647304	0.464857320933699	2.33931903625878
5.65232846414725E-6	0.00431376154167173	0.462690925530068	2.32411951193958
5.70468140990372E-6	0.00429259872109863	0.460534626276015	2.30901874522288
5.75751925864251E-6	0.00427153972290197	0.458388376120003	2.29401609443967
5.81084650162766E-6	0.00425058403774103	0.456252128229769	2.27911092209009
5.86466767172215E-6	0.0042297311587739	0.454125835991306	2.26430259481641
5.9189873437732E-6	0.00420898058164513	0.452009453007845	2.24959048337607
5.97381013500115E-6	0.00418833180447363	0.449902933098839	2.23497396261497
6.02914070539189E-6	0.00416778432784044	0.447806230298961	2.22045241144087
6.08498375809302E-6	0.00414733765477671	0.445719298857097	2.20602521279707
6.14134403981355E-6	0.00412699129075167	0.44364209323535	2.19169175363611
6.19822634122746E-6	0.00410674474366065	0.441574568108045	2.17745142489375
6.25563549738087E-6	0.00408659752381318	0.439516678360739	2.1633036214631
6.31357638810297E-6	0.00406654914392119	0.437468379089239	2.14924774216891
6.3720539384209E-6	0.00404659911908715	0.435429625598621	2.13528318974201
6.43107311897831E-6	0.00402674696679241	0.433400373402255	2.12140937079392
6.49063894645795E-6	0.00400699220688548	0.431380578220834	2.10762569579167
6.55075648400802E-6	0.00398733436157045	0.429370195981405	2.09393157903272
6.61143084167254E-6	0.00396777295539542	0.427369182816415	2.08032643862008
6.67266717682578E-6	0.00394830751524101	0.425377495062745	2.06680969643759
6.73447069461053E-6	0.0039289375703089	0.423395089260766	2.05338077812537
6.79684664838068E-6	0.00390966265211045	0.421421922153379	2.04003911305534
6.85980034014766E-6	0.00389048229445538	0.419457950685082	2.02678413430707
6.92333712103113E-6	0.00387139603344049	0.417503132001027	2.01361527864366
6.98746239171384E-6	0.00385240340743841	0.415557423446084	2.00053198648774
7.0521816029007E-6	0.00383350395708651	0.41362078256391	1.9875337018978
7.1175002557821E-6	0.00381469722527569	0.411693167096022	1.97461987254447
7.18342390250152E-6	0.00379598275713939	0.409774534980878	1.96178994968713
7.24995814662742E-6	0.0037773601000426	0.407864844352957	1.94904338815051
7.31710864362959E-6	0.00375882880357084	0.405964053541844	1.93637964630162
7.38488110135985E-6	0.00374038841951936	0.404072121071327	1.92379818602665
7.45328128053728E-6	0.00372203850188221	0.402189005658481	1.91129847270815
7.52231499523781E-6	0.00370377860684153	0.400314666212779	1.89887997520229
7.59198811338844E-6	0.00368560829275674	0.398449061835187	1.88654216581632
7.66230655726604E-6	0.00366752712015393	0.396592151817277	1.87428452028611
7.73327630400074E-6	0.0036495346517152	0.394743895640334	1.86210651775391
7.80490338608399E-6	0.00363163045226805	0.392904252974474	1.85000764074618
7.87719389188136E-6	0.00361381408877491	0.391073183677768	1.83798737515162
7.95015396614998E-6	0.00359608513032265	0.389250647795357	1.82604521019934
8.0237898105609E-6	0.00357844314811212	0.387436605558589	1.81418063843713
8.09810768422623E-6	0.00356088771544786	0.385631017384148	1.80239315570991
8.1731139042312E-6	0.00354341840772768	0.383833843873186	1.7906822611383
8.24881484617109E-6	0.00352603480243246	0.382045045810471	1.77904745709735
8.32521694469313E-6	0.0035087364791159	0.380264584163527	1.76748824919537
8.40232669404349E-6	0.00349152301939438	0.37849242008178	1.75600414625295
8.48015064861928E-6	0.00347439400693681	0.376728514895717	1.74459466028208
8.55869542352573E-6	0.00345734902745458	0.374972830116036	1.73325930646539
8.63796769513839E-6	0.00344038766869152	0.373225327432808	1.72199760313559
8.71797420167071E-6	0.00342350952041395	0.371485968714642	1.71080907175496
8.79872174374675E-6	0.00340671417440076	0.369754716007854	1.69969323689507
8.88021718497921E-6	0.0033900012244335	0.368031531535634	1.68864962621652
8.96246745255295E-6	0.0033733702662866	0.36631637769723	1.67767777044889
9.04547953781368E-6	0.00335682089771757	0.364609217067117	1.66677720337083
9.12926049686235E-6	0.00334035271845728	0.362910012394188	1.6559474617902
9.21381745115481E-6	0.00332396533020026	0.361218726600939	1.64518808552443
9.29915758810719E-6	0.0033076583365951	0.359535322782663	1.63449861738092
9.38528816170689E-6	0.00329143134323484	0.357859764206636	1.62387860313766
9.47221649312909E-6	0.00327528395764743	0.356192014311325	1.61332759152391
9.55994997135912E-6	0.00325921578928623	0.354532036705585	1.60284513420102
9.64849605382048E-6	0.0032432264495206	0.352879795167866	1.59243078574337
9.73786226700872E-6	0.00322731555162649	0.351235253645426	1.58208410361948
9.82805620713133E-6	0.00321148271077702	0.349598376253537	1.57180464817314
9.91908554075321E-6	0.00319572754403329	0.347969127274708	1.5615919826048
1.00109580054485E-5	0.00318004967033499	0.346347471157903	1.55144567295299
1.01036814104583E-5	0.00316444871049131	0.344733372517768	1.54136528807582
1.01972636373543E-5	0.00314892428717168	0.343126796133856	1.53135039963275
1.02917126407087E-5	0.00313347602489665	0.341527706949859	1.52140058206632
1.03870364487708E-5	0.00311810355002886	0.339936070072843	1.51151541258412
1.04832431641487E-5	0.00310280649076396	0.338351850772489	1.50169447114076
1.05803409644987E-5	0.00308758447712164	0.336775014480331	1.4919373404201
1.067833810322E-5	0.00307243714093665	0.335205526789006	1.48224360581744
1.07772429101563E-5	0.00305736411584993	0.333643353451499	1.47261285542196
1.08770637923039E-5	0.00304236503729973	0.3320884603804	1.46304467999918
1.09778092345266E-5	0.00302743954251281	0.330540813647157	1.45353867297361
1.10794878002761E-5	0.00301258727049565	0.329000379481338	1.44409443041142
1.11821081323209E-5	0.00299780786202571	0.32746712426989	1.43471155100333
1.12856789534803E-5	0.00298310095964277	0.325941014556411	1.42538963604752
1.13902090673659E-5	0.00296846620764026	0.324422017040417	1.4161282894327
1.14957073591303E-5	0.00295390325205666	0.322910098576615	1.40692711762128
1.16021827962218E-5	0.00293941174066696	0.321405226174181	1.39778572963264
1.1709644429147E-5	0.00292499132297413	0.31990736699604	1.38870373702656
1.18181013922402E-5	0.00291064165020062	0.318416488358148	1.37968075388661
1.19275629044394E-5	0.00289636237527994	0.31693255772878	1.37071639680389
1.20380382700704E-5	0.00288215315284829	0.315455542727821	1.36181028486062
1.21495368796371E-5	0.00286801363923617	0.313985411126058	1.35296203961401
1.22620682106205E-5	0.00285394349246009	0.312522130844477	1.34417128508018
1.23756418282835E-5	0.00283994237221428	0.311065669953564	1.33543764771816
1.24902673864843E-5	0.0028260099398625	0.309615996672608	1.32676075641404
1.26059546284972E-5	0.00281214585842977	0.308173079369004	1.31814024246519
1.27227133878405E-5	0.00279834979259433	0.306736886557569	1.30957573956459
1.28405535891121E-5	0.00278462140867942	0.305307386899851	1.30106688378526
1.29594852488339E-5	0.00277096037464529	0.303884549203446	1.29261331356483
1.30795184763024E-5	0.00275736636008114	0.302468342421316	1.28421466969013
1.32006634744485E-5	0.00274383903619711	0.301058735651116	1.27587059528194
1.33229305407046E-5	0.00273037807581635	0.299655698134512	1.26758073577985
1.34463300678798E-5	0.0027169831533671	0.29825919925652	1.25934473892717
1.35708725450434E-5	0.00270365394487485	0.296869208544828	1.25116225475597
1.36965685584164E-5	0.00269039012795442	0.295485695669137	1.24303293557219
1.38234287922717E-5	0.00267719138180225	0.294108630440497	1.2349564359409
1.39514640298416E-5	0.00266405738718859	0.29273798281065	1.22693241267161
1.40806851542349E-5	0.00265098782644981	0.291373722871374	1.21896052480366
1.42111031493619E-5	0.00263798238348068	0.290015820853827	1.21104043359176
1.43427291008679E-5	0.00262504074372678	0.288664247127902	1.20317180249159
1.44755741970756E-5	0.00261216259417681	0.287318972201577	1.19535429714551
1.46096497299361E-5	0.0025993476233551	0.285979966720275	1.18758758536831
1.47449670959887E-5	0.00258659552131405	0.284647201466221	1.17987133713316
1.48815377973294E-5	0.00257390597962661	0.283320647357803	1.17220522455753
1.50193734425893E-5	0.00256127869137884	0.28200027544894	1.16458892188927
1.51584857479203E-5	0.00254871335116248	0.280686056928453	1.1570221054928
1.5298886537992E-5	0.00253620965506759	0.279377963119428	1.14950445383533
1.54405877469961E-5	0.00252376730067515	0.278075965478599	1.14203564747318
1.5583601419661E-5	0.0025113859870498	0.27678003559572	1.13461536903825
1.57279397122759E-5	0.00249906541473251	0.275490145192947	1.12724330322451
1.58736148937238E-5	0.00248680528573337	0.274206266124219	1.11991913677459
1.60206393465243E-5	0.00247460530352438	0.272928370374648	1.1126425584665
1.61690255678864E-5	0.00246246517303227	0.271656430059902	1.10541325910037
1.63187861707706E-5	0.00245038460063138	0.270390417425602	1.09823093148535
1.64699338849611E-5	0.00243836329413651	0.269130304846715	1.09109527042652
1.66224815581477E-5	0.0024264009627959	0.267876064826945	1.08400597271194
1.67764421570179E-5	0.00241449731728421	0.266627669998144	1.07696273709978
1.69318287683594E-5	0.00240265206969546	0.265385093119706	1.06996526430547
1.70886546001719E-5	0.00239086493353614	0.264148307077976	1.06301325698905
1.72469329827904E-5	0.00237913562371822	0.262917284885659	1.05610641974248
1.74066773700178E-5	0.00236746385655227	0.261691999681228	1.04924445907711
1.75679013402688E-5	0.00235584934974064	0.260472424728342	1.04242708341123
1.7730618597724E-5	0.00234429182237057	0.25925853341526	1.03565400305762
1.78948429734946E-5	0.00233279099490746	0.25805029925426	1.02892493021131
1.80605884267983E-5	0.00232134658918803	0.256847695881064	1.02223957893729
1.82278690461458E-5	0.00230995832841367	0.255650697054257	1.01559766515842
1.83966990505381E-5	0.00229862593714371	0.254459276654723	1.0089989066433
1.85670927906754E-5	0.00228734914128874	0.253273408685065	1.00244302299431
1.87390647501769E-5	0.00227612766810403	0.252093067269047	0.995929735635699
1.89126295468117E-5	0.00226496124618289	0.250918226651023	0.989458767801734
1.90878019337415E-5	0.00225384960545009	0.249748861195377	0.983029844524939
1.92645968007748E-5	0.00224279247715542	0.248584945385964	0.976642692624418
1.9443029175632E-5	0.00223178959386708	0.247426453825555	0.970297040694248
1.96231142252235E-5	0.00222084068946529	0.246273361235279	0.96399261909194
1.98048672569381E-5	0.00220994549913579	0.245125642454072	0.957729159926981
1.9988303719945E-5	0.0021991037593635	0.243983272438133	0.951506397049454
2.01734392065063E-5	0.00218831520792609	0.242846226260369	0.945324066038733
2.03602894533025E-5	0.00217757958388769	0.241714479109861	0.939181904192239
2.05488703427706E-5	0.00216689662759253	0.240588006291314	0.933079650514283
2.07391979044534E-5	0.00215626608065868	0.239466783224521	0.927017045704967
2.09312883163626E-5	0.00214568768597181	0.23835078544383	0.920993832149178
2.11251579063537E-5	0.00213516118767897	0.237239988597606	0.915009753905633
2.13208231535139E-5	0.00212468633118239	0.236134368447701	0.909064556696003
2.15183006895628E-5	0.00211426286313332	0.235033900868925	0.903157987894117
2.17176073002662E-5	0.00210389053142592	0.233938561848519	0.897289796515214
2.1918759926863E-5	0.00209356908519115	0.232848327485634	0.891459733205286
2.21217756675049E-5	0.00208329827479069	0.231763173990805	0.885667550230485
2.232667177871E-5	0.00207307785181095	0.230683077685435	0.87991300146659
2.25334656768295E-5	0.002062907569057	0.229608015001277	0.874195842388553
2.27421749395283E-5	0.00205278718054663	0.228537962479922	0.868515830060101
2.29528173072791E-5	0.00204271644150438	0.227472896772282	0.862872723123424
2.316541068487E-5	0.00203269510835565	0.226412794638087	0.85726628178891
2.33799731429266E-5	0.00202272293872077	0.225357632945372	0.851696267824965
2.35965229194484E-5	0.00201279969140919	0.224307388669977	0.846162444547878
2.38150784213586E-5	0.00200292512641356	0.223262038895042	0.840664576811775
2.40356582260687E-5	0.00199309900490402	0.222221560810506	0.835202430998615
2.4258281083058E-5	0.00198332108922238	0.221185931712613	0.829775775008278
2.44829659154668E-5	0.00197359114287634	0.220155129003412	0.824384378248691
2.47097318217052E-5	0.00196390893053385	0.219129130190269	0.819028011626035
2.49385980770765E-5	0.00195427421801735	0.218107912885372	0.813706447535006
2.51695841354156E-5	0.0019446867722981	0.217091454805242	0.808419459849143
2.54027096307424E-5	0.00193514636149064	0.216079733770253	0.803166823911232
2.56379943789309E-5	0.00192565275484704	0.215072727704139	0.79794831652374
2.58754583793934E-5	0.00191620572275145	0.21407041463352	0.792763715939347
2.61151218167807E-5	0.00190680503671445	0.213072772687419	0.787612801851514
2.63570050626978E-5	0.00189745046936759	0.212079780096786	0.782495355385125
2.66011286774351E-5	0.00188814179445785	0.21109141519402	0.777411159087187
2.68475134117165E-5	0.00187887878684218	0.2101076564125	0.772359996917591
2.70961802084631E-5	0.00186966122248207	0.209128482286113	0.767341654239928
2.73471502045733E-5	0.00186048887843811	0.208153871448786	0.762355917812369
2.76004447327196E-5	0.00185136153286458	0.207183802634017	0.757402575778606
2.78560853231615E-5	0.00184227896500415	0.206218254674416	0.752481417658855
2.81140937055762E-5	0.00183324095518248	0.205257206501238	0.747592234340897
2.83744918109049E-5	0.00182424728480293	0.204300637143928	0.74273481807121
2.86373017732179E-5	0.00181529773634127	0.203348525729659	0.737908962446128
2.89025459315952E-5	0.00180639209334042	0.202400851482879	0.733114462403074
2.91702468320256E-5	0.00179753014040521	0.201457593724859	0.728351114211851
2.94404272293231E-5	0.00178871166319717	0.200518731873236	0.723618715465982
2.97131100890614E-5	0.00177993644842937	0.199584245441572	0.718917065074102
2.99883185895254E-5	0.00177120428386123	0.198654114038902	0.714245963251429
3.0266076123682E-5	0.00176251495829338	0.197728317369287	0.709605211511258
3.05464063011681E-5	0.00175386826156259	0.196806835231379	0.704994612656538
3.08293329502975E-5	0.00174526398453668	0.19588964751797	0.700413970771488
3.11148801200864E-5	0.00173670191910941	0.194976734215563	0.695863091213274
3.14030720822977E-5	0.00172818185819551	0.194068075403927	0.691341780603736
3.1693933333504E-5	0.00171970359572566	0.19316365125567	0.686849846821171
3.19874885971697E-5	0.00171126692664145	0.192263442035799	0.682387098992171
3.22837628257527E-5	0.00170287164689051	0.191367428101296	0.677953347483514
3.25827812028253E-5	0.0016945175534215	0.190475589900683	0.673548403894101
3.2884569145215E-5	0.00168620444417923	0.1895879079736	0.669172081046953
3.31891523051648E-5	0.00167793211809978	0.188704362950381	0.664824192981256
3.34965565725135E-5	0.0016697003751056	0.187824935551626	0.660504554944463
3.38068080768966E-5	0.00166150901610074	0.186949606587786	0.656212983384442
3.41199331899672E-5	0.00165335784296597	0.186078356958741	0.651949295941673
3.44359585276379E-5	0.00164524665855399	0.185211167653384	0.6477133114415
3.4754910952343E-5	0.00163717526668471	0.184348019749206	0.643504849886434
3.50768175753215E-5	0.00162914347214047	0.183488894411886	0.639323732448508
3.54017057589219E-5	0.00162115108066132	0.182633772894873	0.63516978146167
3.57296031189283E-5	0.00161319789894033	0.181782636538985	0.631042820414242
3.60605375269072E-5	0.00160528373461892	0.180935466771998	0.626942673941409
3.6394537112577E-5	0.00159740839628219	0.180092245108238	0.622869167817782
3.67316302661989E-5	0.0015895716934543	0.179252953148183	0.61882212894998
3.70718456409901E-5	0.00158177343659386	0.17841757257806	0.614801385369283
3.74152121555593E-5	0.00157401343708936	0.177586085169442	0.610806766224328
3.7761758996365E-5	0.00156629150725458	0.176758472778855	0.606838101773834
3.81115156201961E-5	0.00155860746032408	0.175934717347378	0.60289522337941
3.84645117566763E-5	0.00155096111044866	0.175114800900252	0.598977963498371
3.88207774107902E-5	0.0015433522726909	0.174298705546486	0.595086155676628
3.91803428654345E-5	0.00153578076302062	0.173486413478468	0.591219634541618
3.95432386839922E-5	0.00152824639831051	0.172677906971574	0.587378235795263
3.99094957129297E-5	0.00152074899633163	0.171873168383784	0.583561796207007
4.02791450844196E-5	0.00151328837574907	0.171072180155296	0.579770153606863
4.06522182189866E-5	0.00150586435611748	0.170274924808144	0.576003146878533
4.10287468281779E-5	0.00149847675787681	0.169481384945811	0.572260615952559
4.14087629172597E-5	0.00149112540234787	0.168691543252859	0.568542401799519
4.17922987879367E-5	0.00148381011172807	0.167905382494542	0.564848346423272
4.21793870410984E-5	0.00147653070908708	0.167122885516436	0.561178292854241
4.25700605795897E-5	0.00146928701836259	0.166344035244061	0.557532085142749
4.2964352611008E-5	0.00146207886435602	0.165568814682513	0.553909568352386
4.3362296650526E-5	0.0014549060727283	0.164797206916086	0.550310588553428
4.37639265237402E-5	0.00144776846999565	0.16402919510791	0.546734992816299
4.41692763695462E-5	0.00144066588352537	0.163264762499579	0.543182629205066
4.45783806430406E-5	0.00143359814153168	0.162503892410788	0.539653346770988
4.49912741184497E-5	0.00142656507307157	0.161746568238967	0.536146995546102
4.54079918920855E-5	0.00141956650804065	0.160992773458921	0.532663426536847
4.58285693853282E-5	0.00141260227716905	0.160242491622467	0.529202491717736
4.62530423476383E-5	0.00140567221201731	0.159495706358077	0.525764044025064
4.66814468595942E-5	0.00139877614497231	0.158752401370518	0.52234793735066
4.71138193359594E-5	0.00139191390924323	0.158012560440502	0.51895402653568
4.75501965287783E-5	0.00138508533885751	0.157276167424325	0.515582167364435
4.79906155304995E-5	0.00137829026865683	0.15654320625352	0.512232216558265
4.8435113777129E-5	0.00137152853429311	0.155813660934505	0.508904031769452
4.88837290514122E-5	0.00136479997222455	0.155087515548231	0.505597471575169
4.93364994860454E-5	0.00135810441971166	0.154364754249841	0.502312395471474
4.97934635669175E-5	0.00135144171481333	0.153645361268317	0.499048663867332
5.02546601363809E-5	0.00134481169638295	0.152929320906143	0.495806138078696
5.07201283965532E-5	0.00133821420406442	0.152216617538955	0.492584680322601
5.11899079126497E-5	0.00133164907828836	0.151507235615206	0.489384153711317
5.1664038616346E-5	0.00132511616026823	0.150801159655825	0.486204422246529
5.21425608091728E-5	0.00131861529199645	0.150098374253877	0.483045350813562
5.26255151659411E-5	0.00131214631624063	0.149398864074232	0.479906805175636
5.31129427381998E-5	0.00130570907653974	0.148702613853222	0.47678865196816
5.36048849577252E-5	0.00129930341720031	0.148009608398317	0.473690758693072
5.41013836400424E-5	0.00129292918329271	0.147319832587787	0.470612993713203
5.460248098798E-5	0.00128658622064737	0.146633271370378	0.467555226246686
5.51082195952572E-5	0.00128027437585105	0.145949909764976	0.464517326361397
5.56186424501047E-5	0.00127399349624314	0.145269732860286	0.461499164969432
5.61337929389179E-5	0.00126774342991197	0.144592725814504	0.458500613821632
5.66537148499456E-5	0.00126152402569114	0.143918873854996	0.455521545502118
5.71784523770114E-5	0.00125533513315583	0.143248162277971	0.452561833422892
5.7708050123271E-5	0.00124917660261921	0.142580576448163	0.449621351818444
5.82425531050029E-5	0.00124304828512879	0.141916101798514	0.446699975740417
5.87820067554348E-5	0.00123695003246282	0.14125472382985	0.443797581052298
5.93264569286056E-5	0.0012308816971267	0.140596428110571	0.440914044424136
5.98759499032631E-5	0.00122484313234945	0.139941200276332	0.438049243327309
6.0430532386798E-5	0.00121883419208011	0.13928902602973	0.435203056029312
6.09902515192135E-5	0.00121285473098423	0.138639891139995	0.432375361588588
6.15551548771326E-5	0.00120690460444035	0.137993781442674	0.429566039849386
6.21252904778419E-5	0.00120098366853653	0.13735068283933	0.426774971436658
6.27007067833734E-5	0.00119509178006682	0.136710581297224	0.424002037750985
6.32814527046238E-5	0.00118922879652783	0.136073462849019	0.421247120963536
6.38675776055119E-5	0.00118339457611529	0.135439313592468	0.418510104011064
6.44591313071743E-5	0.00117758897772058	0.134808119690115	0.415790870590931
6.50561640922006E-5	0.00117181186092735	0.134179867368989	0.413089305156163
6.56587267089072E-5	0.00116606308600814	0.133554542920309	0.410405292910546
6.62668703756513E-5	0.00116034251392095	0.132932132699178	0.407738719803742
6.68806467851846E-5	0.0011546500063059	0.132312623124292	0.405089472526444
6.75001081090463E-5	0.00114898542548192	0.131696000677638	0.402457438505567
6.81253070019987E-5	0.00114334863444336	0.131082251904205	0.399842505899455
6.87562966065024E-5	0.00113773949685672	0.130471363411683	0.397244563593138
6.93931305572338E-5	0.00113215787705732	0.129863321870178	0.394663501193603
7.00358629856441E-5	0.00112660364004604	0.129258114011916	0.392099209025106
7.06845485245599E-5	0.00112107665148606	0.128655726630956	0.389551578124513
7.13392423128276E-5	0.0011155767776996	0.1280561465829	0.387020500236669
7.20000000000002E-5	0.00111010388566468	0.127459360784612	0.384505867809796
