29.32192	-1.13967442918773
29.327167037037	-0.943133200814881
29.3324140740741	-0.749039320783549
29.3376611111111	-0.55736231450093
29.3429081481481	-0.368072086846258
29.3481551851852	-0.181138917446457
29.3534022222222	0.00346654399154289
29.3586492592593	0.185773282288215
29.3638962962963	0.365809921342544
29.3691433333333	0.543604728626459
29.3743903703704	0.719185619622278
29.3796374074074	0.892580162206936
29.3848844444444	1.06381558097958
29.3901314814815	1.23291876153628
29.3953785185185	1.39991625469138
29.4006255555556	1.56483428064636
29.4058725925926	1.72769873310591
29.4111196296296	1.88853518334465
29.4163666666667	2.04736888422131
29.4216137037037	2.20422477414382
29.4268607407407	2.35912748098508
29.4321077777778	2.51210132594908
29.4373548148148	2.66317032739059
29.4426018518519	2.81235820458558
29.4478488888889	2.95968838145571
29.4530959259259	3.10518399024547
29.458342962963	3.24886787515511
29.46359	3.39076259592678
29.468837037037	3.53089043138694
29.4740840740741	3.66927338294368
29.4793311111111	3.805933178042
29.4845781481481	3.94089127357531
29.4898251851852	4.07416885925306
29.4950722222222	4.20578686092916
29.5003192592593	4.33576594388687
29.5055662962963	4.46412651608368
29.5108133333333	4.59088873135503
29.5160603703704	4.71607249257945
29.5213074074074	4.83969745480301
29.5265544444444	4.96178302832554
29.5318014814815	5.08234838174777
29.5370485185185	5.20141244498176
29.5422955555556	5.31899391222251
29.5475425925926	5.43511124488332
29.5527896296296	5.54978267449449
29.5580366666667	5.66302620556535
29.5632837037037	5.77485961841192
29.5685307407407	5.88530047194804
29.5737777777778	5.99436610644259
29.5790248148148	6.10207364624153
29.5842718518519	6.20844000245737
29.5895188888889	6.31348187562386
29.5947659259259	6.41721575831826
29.600012962963	6.51965793775084
29.60526	6.62082449832212
29.610507037037	6.72073132414838
29.6157540740741	6.81939410155519
29.6210011111111	6.91682832154097
29.6262481481481	7.01304928220878
29.6314951851852	7.10807209116847
29.6367422222222	7.20191166790834
29.6419892592593	7.29458274613823
29.6472362962963	7.38609987610245
29.6524833333333	7.47647742686453
29.6577303703704	7.56572958856284
29.6629774074074	7.65387037463927
29.6682244444444	7.74091362403899
29.6734714814815	7.82687300338355
29.6787185185185	7.91176200911622
29.6839655555556	7.99559396962173
29.6892125925926	8.07838204731848
29.6944596296296	8.16013924072533
29.6997066666667	8.24087838650244
29.7049537037037	8.32061216146677
29.7102007407407	8.39935308458256
29.7154477777778	8.47711351892655
29.7206948148148	8.55390567362966
29.7259418518519	8.62974160579356
29.7311888888889	8.70463322238393
29.7364359259259	8.77859228209964
29.741682962963	8.85163039721949
29.74693	8.92375903542507
29.752177037037	8.99498952160143
29.7574240740741	9.06533303961525
29.7626711111111	9.13480063407049
29.7679181481481	9.20340321204299
29.7731651851852	9.27115154479268
29.7784122222222	9.33805626945487
29.7836592592593	9.40412789071015
29.7889062962963	9.46937678243413
29.7941533333333	9.53381318932595
29.7994003703704	9.59744722851687
29.8046474074074	9.66028889115878
29.8098944444444	9.72234804399286
29.8151414814815	9.78363443089885
29.8203885185185	9.84415767442465
29.8256355555556	9.90392727729759
29.8308825925926	9.96295262391613
29.8361296296296	10.0212429818235
29.8413766666667	10.0788075031623
29.8466237037037	10.1356552261124
29.8518707407407	10.1917950763091
29.8571177777778	10.2472358682451
29.8623648148148	10.3019863066541
29.8676118518519	10.3560549878778
29.8728588888889	10.4094504012157
29.8781059259259	10.4621809302574
29.883352962963	10.5142548541998
29.8886	10.5656803491461
29.893847037037	10.6164654893902
29.8990940740741	10.6666182486841
29.9043411111111	10.7161465014899
29.9095881481481	10.7650580242165
29.9148351851852	10.81336049644
29.9200822222222	10.8610615021097
29.9253292592593	10.9081685307392
29.9305762962963	10.9546889785818
29.9358233333333	11.0006301497922
29.9410703703704	11.0459992575729
29.9463174074074	11.0908034253072
29.9515644444444	11.1350496876773
29.9568114814815	11.1787449917689
29.9620585185185	11.2218961981621
29.9673055555556	11.2645100820084
29.9725525925926	11.3065933340945
29.9777996296296	11.348152561893
29.9830466666667	11.3891942905995
29.9882937037037	11.4297249641572
29.9935407407407	11.4697509462692
29.9987877777778	11.5092785213967
30.0040348148148	11.5483138957467
30.0092818518518	11.5868631982457
30.0145288888889	11.6249324815022
30.0197759259259	11.6625277227576
30.025022962963	11.6996548248234
30.03027	11.7363196170095
30.035517037037	11.7725278560382
30.0407640740741	11.8082852269491
30.0460111111111	11.8435973439907
30.0512581481481	11.8784697515027
30.0565051851852	11.9129079247861
30.0617522222222	11.946917270963
30.0669992592593	11.9805031298256
30.0722462962963	12.0136707746744
30.0774933333333	12.0464254131464
30.0827403703704	12.0787721880328
30.0879874074074	12.110716178086
30.0932344444444	12.1422623988176
30.0984814814815	12.1734158032856
30.1037285185185	12.2041812828718
30.1089755555556	12.2345636680506
30.1142225925926	12.2645677291464
30.1194696296296	12.2941981770835
30.1247166666667	12.323459664125
30.1299637037037	12.3523567846041
30.1352107407407	12.3808940756444
30.1404577777778	12.4090760178734
30.1457048148148	12.436907036125
30.1509518518519	12.4643915001348
30.1561988888889	12.4915337252264
30.1614459259259	12.5183379729881
30.166692962963	12.5448084519429
30.17194	12.5709493182088
30.177187037037	12.5967646761513
30.1824340740741	12.6222585790284
30.1876811111111	12.6474350296262
30.1929281481481	12.6722979808878
30.1981751851852	12.6968513365341
30.2034222222222	12.7210989516764
30.2086692592593	12.7450446334218
30.2139162962963	12.7686921414711
30.2191633333333	12.7920451887089
30.2244103703704	12.8151074417866
30.2296574074074	12.8378825216982
30.2349044444444	12.8603740043487
30.2401514814815	12.8825854211158
30.2453985185185	12.904520259404
30.2506455555556	12.9261819631923
30.2558925925926	12.9475739335752
30.2611396296296	12.9686995292963
30.2663866666667	12.9895620672758
30.2716337037037	13.0101648231316
30.2768807407407	13.0305110316929
30.2821277777778	13.050603887509
30.2873748148148	13.0704465453499
30.2926218518519	13.0900421207026
30.2978688888889	13.1093936902594
30.3031159259259	13.1285042924017
30.308362962963	13.1473769276764
30.31361	13.1660145592675
30.318857037037	13.1844201134612
30.3241040740741	13.2025964801054
30.3293511111111	13.220546513063
30.3345981481481	13.2382730306608
30.3398451851852	13.2557788161312
30.3450922222222	13.2730666180499
30.3503392592593	13.2901391507667
30.3555862962963	13.3069990948324
30.3608333333333	13.3236490974193
30.3660803703704	13.3400917727366
30.3713274074074	13.3563297024416
30.3765744444444	13.3723654360441
30.3818214814815	13.3882014913076
30.3870685185185	13.403840354644
30.3923155555556	13.4192844815041
30.3975625925926	13.4345362967634
30.4028096296296	13.4495981951025
30.4080566666667	13.4644725413834
30.4133037037037	13.4791616710203
30.4185507407407	13.4936678903471
30.4237977777778	13.5079934769785
30.4290448148148	13.5221406801686
30.4342918518518	13.5361117211634
30.4395388888889	13.5499087935497
30.4447859259259	13.5635340635997
30.450032962963	13.5769896706108
30.45528	13.5902777272419
30.460527037037	13.6034003198448
30.4657740740741	13.6163595087919
30.4710211111111	13.6291573287995
30.4762681481481	13.6417957892476
30.4815151851852	13.6542768744953
30.4867622222222	13.666602544192
30.4920092592593	13.6787747335858
30.4972562962963	13.6907953538264
30.5025033333333	13.7026662922662
30.5077503703704	13.7143894127558
30.5129974074074	13.7259665559372
30.5182444444444	13.7373995395322
30.5234914814815	13.7486901586287
30.5287385185185	13.7598401859614
30.5339855555556	13.7708513721914
30.5392325925926	13.7817254461799
30.5444796296296	13.7924641152605
30.5497266666667	13.8030690655066
30.5549737037037	13.8135419619969
30.5602207407407	13.823884449076
30.5654677777778	13.8340981506133
30.5707148148148	13.8441846702573
30.5759618518519	13.854145591688
30.5812088888889	13.8639824788652
30.5864559259259	13.8736968762742
30.591702962963	13.8832903091681
30.59695	13.8927642838074
30.602197037037	13.9021202876967
30.6074440740741	13.911359789818
30.6126911111111	13.9204842408612
30.6179381481481	13.9294950734525
30.6231851851852	13.9383937023785
30.6284322222222	13.9471815248089
30.6336792592593	13.9558599205159
30.6389262962963	13.9644302520904
30.6441733333333	13.9728938651563
30.6494203703704	13.9812520885817
30.6546674074074	13.9895062346875
30.6599144444444	13.9976575994535
30.6651614814815	14.0057074627218
30.6704085185185	14.0136570883978
30.6756555555556	14.0215077246487
30.6809025925926	14.0292606040993
30.6861496296296	14.0369169440257
30.6913966666667	14.0444779465464
30.6966437037037	14.0519447988111
30.7018907407407	14.0593186731868
30.7071377777778	14.0666007274423
30.7123848148148	14.0737921049296
30.7176318518519	14.0808939347636
30.7228788888889	14.0879073319995
30.7281259259259	14.0948333978076
30.733372962963	14.1016732196464
30.73862	14.1084278714332
30.743867037037	14.1150984137129
30.7491140740741	14.1216858938243
30.7543611111111	14.1281913460647
30.7596081481481	14.1346157918523
30.7648551851852	14.1409602398864
30.7701022222222	14.1472256863058
30.7753492592593	14.1534131148456
30.7805962962963	14.1595234969911
30.7858433333333	14.1655577921307
30.7910903703704	14.1715169477063
30.7963374074074	14.1774018993623
30.8015844444444	14.1832135710922
30.8068314814815	14.1889528753842
30.8120785185185	14.1946207133636
30.8173255555556	14.2002179749352
30.8225725925926	14.2057455389226
30.8278196296296	14.2112042732061
30.8330666666667	14.2165950348591
30.8383137037037	14.2219186702826
30.8435607407407	14.2271760153383
30.8488077777778	14.2323678954795
30.8540548148148	14.237495125881
30.8593018518519	14.242558511567
30.8645488888889	14.2475588475373
30.8697959259259	14.2524969188925
30.875042962963	14.2573735009569
30.88029	14.2621893594005
30.885537037037	14.2669452503591
30.8907840740741	14.2716419205529
30.8960311111111	14.276280107404
30.9012781481481	14.280860539152
30.9065251851852	14.2853839349686
30.9117722222222	14.2898510050699
30.9170192592593	14.2942624508288
30.9222662962963	14.2986189648843
30.9275133333333	14.3029212312506
30.9327603703704	14.3071699254248
30.9380074074074	14.3113657144924
30.9432544444444	14.3155092572324
30.9485014814815	14.3196012042204
30.9537485185185	14.3236421979314
30.9589955555556	14.3276328728398
30.9642425925926	14.3315738555198
30.9694896296296	14.3354657647432
30.9747366666667	14.3393092115771
30.9799837037037	14.3431047994792
30.9852307407407	14.3468531243931
30.9904777777778	14.3505547748416
30.9957248148148	14.3542103320192
31.0009718518519	14.3578203698833
31.0062188888889	14.3613854552442
31.0114659259259	14.3649061478545
31.016712962963	14.3683830004965
31.02196	14.3718165590693
31.027207037037	14.3752073626743
31.0324540740741	14.3785559437002
31.0377011111111	14.381862827906
31.0429481481481	14.3851285345043
31.0481951851852	14.3883535762421
31.0534422222222	14.3915384594818
31.0586892592593	14.3946836842804
31.0639362962963	14.3977897444684
31.0691833333333	14.4008571277268
31.0744303703704	14.403886315664
31.0796774074074	14.4068777838916
31.0849244444444	14.4098320020986
31.0901714814815	14.4127494341255
31.0954185185185	14.4156305380369
31.1006655555556	14.4184757661937
31.1059125925926	14.4212855653239
31.1111596296296	14.4240603765928
31.1164066666667	14.4268006356723
31.1216537037037	14.4295067728091
31.1269007407407	14.4321792128927
31.1321477777778	14.4348183755217
31.1373948148148	14.4374246750698
31.1426418518519	14.439998520751
31.1478888888889	14.4425403166836
31.1531359259259	14.4450504619538
31.158382962963	14.4475293506784
31.16363	14.4499773720666
31.168877037037	14.4523949104812
31.1741240740741	14.4547823454988
31.1793711111111	14.4571400519695
31.1846181481481	14.4594684000756
31.1898651851852	14.4617677553901
31.1951122222222	14.4640384789338
31.2003592592593	14.4662809272319
31.2056062962963	14.4684954523703
31.2108533333333	14.4706824020504
31.2161003703704	14.4728421196443
31.2213474074074	14.4749749442484
31.2265944444444	14.4770812107363
31.2318414814815	14.4791612498121
31.2370885185185	14.4812153880618
31.2423355555556	14.4832439480047
31.2475825925926	14.4852472481441
31.2528296296296	14.4872256030172
31.2580766666667	14.4891793232447
31.2633237037037	14.4911087155792
31.2685707407407	14.4930140829539
31.2738177777778	14.4948957245295
31.2790648148148	14.4967539357418
31.2843118518519	14.4985890083476
31.2895588888889	14.500401230471
31.2948059259259	14.5021908866481
31.300052962963	14.5039582578719
31.3053	14.5057036216367
31.310547037037	14.5074272519813
31.3157940740741	14.509129419532
31.3210411111111	14.5108103915454
31.3262881481481	14.5124704319502
31.3315351851852	14.5141098013886
31.3367822222222	14.5157287572573
31.3420292592593	14.5173275537477
31.3472762962963	14.5189064418862
31.3525233333333	14.5204656695733
31.3577703703704	14.5220054816227
31.3630174074074	14.5235261197995
31.3682644444444	14.5250278228584
31.3735114814815	14.5265108265813
31.3787585185185	14.5279753638137
31.3840055555556	14.5294216645021
31.3892525925926	14.5308499557295
31.3944996296296	14.5322604617513
31.3997466666667	14.5336534040303
31.4049937037037	14.5350290012718
31.4102407407407	14.5363874694577
31.4154877777778	14.5377290218805
31.4207348148148	14.5390538691767
31.4259818518519	14.54036221936
31.4312288888889	14.5416542778539
31.4364759259259	14.5429302475239
31.441722962963	14.5441903287095
31.44697	14.5454347192553
31.452217037037	14.5466636145426
31.4574640740741	14.5478772075198
31.4627111111111	14.5490756887324
31.4679581481481	14.5502592463535
31.4732051851852	14.551428066213
31.4784522222222	14.5525823318266
31.4836992592593	14.5537222244252
31.4889462962963	14.5548479229828
31.4941933333333	14.5559596042448
31.4994403703704	14.5570574427557
31.5046874074074	14.5581416108867
31.5099344444444	14.5592122788626
31.5151814814815	14.5602696147884
31.5204285185185	14.5613137846759
31.5256755555556	14.56234495247
31.5309225925926	14.5633632800736
31.5361696296296	14.564368927374
31.5414166666667	14.5653620522674
31.5466637037037	14.5663428106839
31.5519107407407	14.5673113566119
31.5571577777778	14.5682678421225
31.5624048148148	14.5692124173929
31.5676518518519	14.5701452307305
31.5728988888889	14.5710664285958
31.5781459259259	14.5719761556259
31.583392962963	14.5728745546564
31.58864	14.5737617667447
31.593887037037	14.5746379311915
31.5991340740741	14.5755031855629
31.6043811111111	14.5763576657122
31.6096281481481	14.5772015058009
31.6148751851852	14.57803483832
31.6201222222222	14.5788577941107
31.6253692592593	14.5796705023848
31.6306162962963	14.5804730907453
31.6358633333333	14.5812656852062
31.6411103703704	14.5820484102125
31.6463574074074	14.5828213886595
31.6516044444444	14.5835847419121
31.6568514814815	14.5843385898242
31.6620985185185	14.5850830507569
31.6673455555556	14.5858182415979
31.6725925925926	14.586544277779
31.6778396296296	14.587261273295
31.6830866666667	14.5879693407209
31.6883337037037	14.58866859123
31.6935807407407	14.5893591346115
31.6988277777778	14.5900410792872
31.7040748148148	14.5907145323289
31.7093218518519	14.5913795994752
31.7145688888889	14.592036385148
31.7198159259259	14.5926849924689
31.725062962963	14.5933255232754
31.73031	14.5939580781371
31.735557037037	14.594582756371
31.7408040740741	14.5951996560576
31.7460511111111	14.5958088740561
31.7512981481481	14.5964105060195
31.7565451851852	14.5970046464097
31.7617922222222	14.5975913885125
31.7670392592593	14.598170824452
31.7722862962963	14.5987430452051
31.7775333333333	14.599308140616
31.7827803703704	14.5998661994101
31.7880274074074	14.6004173092079
31.7932744444444	14.600961556539
31.7985214814815	14.6014990268553
31.8037685185185	14.6020298045448
31.8090155555556	14.6025539729447
31.8142625925926	14.6030716143545
31.8195096296296	14.6035828100487
31.8247566666667	14.60408764029
31.8300037037037	14.6045861843416
31.8352507407407	14.6050785204796
31.8404977777778	14.6055647260056
31.8457448148148	14.6060448772583
31.8509918518519	14.6065190496262
31.8562388888889	14.6069873175588
31.8614859259259	14.6074497545788
31.866732962963	14.607906433293
31.87198	14.6083574254044
31.877227037037	14.6088028017232
31.8824740740741	14.6092426321776
31.8877211111111	14.6096769858252
31.8929681481482	14.6101059308637
31.8982151851852	14.6105295346415
31.9034622222222	14.6109478636686
31.9087092592593	14.6113609836265
31.9139562962963	14.611768959379
31.9192033333333	14.6121718549822
31.9244503703704	14.6125697336946
31.9296974074074	14.6129626579869
31.9349444444444	14.613350689552
31.9401914814815	14.6137338893146
31.9454385185185	14.6141123174406
31.9506855555556	14.6144860333469
31.9559325925926	14.6148550957106
31.9611796296296	14.6152195624778
31.9664266666667	14.6155794908734
31.9716737037037	14.6159349374095
31.9769207407407	14.6162859578946
31.9821677777778	14.6166326074424
31.9874148148148	14.6169749404801
31.9926618518519	14.6173130107573
31.9979088888889	14.6176468713542
32.0031559259259	14.6179765746901
32.008402962963	14.6183021725316
32.01365	14.6186237160007
32.018897037037	14.6189412555827
32.0241440740741	14.6192548411345
32.0293911111111	14.6195645218919
32.0346381481481	14.6198703464777
32.0398851851852	14.6201723629095
32.0451322222222	14.6204706186065
32.0503792592593	14.6207651603979
32.0556262962963	14.6210560345295
32.0608733333333	14.6213432866712
32.0661203703704	14.6216269619245
32.0713674074074	14.6219071048291
32.0766144444444	14.62218375937
32.0818614814815	14.6224569689847
32.0871085185185	14.6227267765697
32.0923555555556	14.6229932244874
32.0976025925926	14.6232563545726
32.1028496296296	14.6235162081392
32.1080966666667	14.6237728259868
32.1133437037037	14.6240262484068
32.1185907407407	14.624276515189
32.1238377777778	14.6245236656276
32.1290848148148	14.6247677385276
32.1343318518519	14.6250087722108
32.1395788888889	14.6252468045217
32.1448259259259	14.6254818728338
32.150072962963	14.6257140140549
32.15532	14.6259432646336
32.160567037037	14.6261696605642
32.1658140740741	14.6263932373932
32.1710611111111	14.6266140302242
32.1763081481481	14.6268320737238
32.1815551851852	14.6270474021269
32.1868022222222	14.6272600492421
32.1920492592593	14.6274700484571
32.1972962962963	14.6276774327438
32.2025433333333	14.6278822346634
32.2077903703704	14.6280844863719
32.2130374074074	14.6282842196246
32.2182844444444	14.6284814657816
32.2235314814815	14.6286762558124
32.2287785185185	14.628868620301
32.2340255555556	14.6290585894503
32.2392725925926	14.6292461930874
32.2445196296296	14.6294314606678
32.2497666666667	14.6296144212804
32.2550137037037	14.6297951036515
32.2602607407407	14.6299735361502
32.2655077777778	14.630149746792
32.2707548148148	14.6303237632437
32.2760018518519	14.6304956128275
32.2812488888889	14.6306653225255
32.2864959259259	14.6308329189836
32.291742962963	14.6309984285162
32.29699	14.6311618771098
32.302237037037	14.6313232904274
32.3074840740741	14.6314826938124
32.3127311111111	14.6316401122927
32.3179781481482	14.6317955705846
32.3232251851852	14.6319490930963
32.3284722222222	14.6321007039325
32.3337192592593	14.6322504268974
32.3389662962963	14.6323982854991
32.3442133333333	14.6325443029527
32.3494603703704	14.6326885021844
32.3547074074074	14.6328309058348
32.3599544444444	14.6329715362626
32.3652014814815	14.6331104155482
32.3704485185185	14.633247565497
32.3756955555556	14.6333830076428
32.3809425925926	14.6335167632512
32.3861896296296	14.6336488533233
32.3914366666667	14.6337792985984
32.3966837037037	14.6339081195577
32.4019307407407	14.6340353364273
32.4071777777778	14.6341609691814
32.4124248148148	14.6342850375457
32.4176718518519	14.6344075609999
32.4229188888889	14.6345285587815
32.4281659259259	14.6346480498883
32.433412962963	14.6347660530816
32.43866	14.6348825868888
32.443907037037	14.6349976696071
32.4491540740741	14.6351113193054
32.4544011111111	14.6352235538279
32.4596481481481	14.6353343907963
32.4648951851852	14.6354438476133
32.4701422222222	14.6355519414646
32.4753892592593	14.6356586893219
32.4806362962963	14.6357641079457
32.4858833333333	14.6358682138876
32.4911303703704	14.6359710234934
32.4963774074074	14.6360725529051
32.5016244444444	14.6361728180638
32.5068714814815	14.6362718347121
32.5121185185185	14.6363696183965
32.5173655555556	14.6364661844701
32.5226125925926	14.6365615480945
32.5278596296296	14.6366557242429
32.5331066666667	14.6367487277018
32.5383537037037	14.6368405730735
32.5436007407407	14.6369312747788
32.5488477777778	14.6370208470586
32.5540948148148	14.6371093039766
32.5593418518519	14.6371966594215
32.5645888888889	14.6372829271088
32.5698359259259	14.6373681205834
32.575082962963	14.6374522532216
32.58033	14.6375353382328
32.585577037037	14.6376173886623
32.5908240740741	14.6376984173928
32.5960711111111	14.6377784371466
32.6013181481481	14.6378574604875
32.6065651851852	14.6379354998229
32.6118122222222	14.6380125674057
32.6170592592593	14.6380886753364
32.6223062962963	14.6381638355645
32.6275533333333	14.638238059891
32.6328003703704	14.6383113599698
32.6380474074074	14.6383837473097
32.6432944444444	14.6384552332761
32.6485414814815	14.6385258290932
32.6537885185185	14.638595545845
32.6590355555556	14.6386643944778
32.6642825925926	14.6387323858015
32.6695296296296	14.6387995304914
32.6747766666667	14.6388658390898
32.6800237037037	14.6389313220078
32.6852707407407	14.6389959895268
32.6905177777778	14.6390598518004
32.6957648148148	14.6391229188554
32.7010118518519	14.6391852005939
32.7062588888889	14.6392467067949
32.7115059259259	14.6393074471154
32.716752962963	14.6393674310921
32.722	14.6394266681432
32.727247037037	14.6394851675694
32.7324940740741	14.6395429385557
32.7377411111111	14.6395999901727
32.7429881481482	14.6396563313781
32.7482351851852	14.6397119710179
32.7534822222222	14.6397669178281
32.7587292592593	14.6398211804358
32.7639762962963	14.6398747673609
32.7692233333333	14.639927687017
32.7744703703704	14.639979947713
32.7797174074074	14.6400315576542
32.7849644444444	14.640082524944
32.7902114814815	14.6401328575848
32.7954585185185	14.6401825634791
32.8007055555556	14.6402316504313
32.8059525925926	14.6402801261486
32.8111996296296	14.6403279982421
32.8164466666667	14.6403752742281
32.8216937037037	14.6404219615295
32.8269407407407	14.6404680674765
32.8321877777778	14.6405135993083
32.8374348148148	14.6405585641739
32.8426818518519	14.640602969133
32.8479288888889	14.6406468211578
32.8531759259259	14.6406901271333
32.858422962963	14.6407328938591
32.86367	14.64077512805
32.868917037037	14.640816836337
32.8741640740741	14.6408580252689
32.8794111111111	14.6408987013126
32.8846581481481	14.6409388708547
32.8899051851852	14.6409785402023
32.8951522222222	14.6410177155836
32.9003992592593	14.6410564031498
32.9056462962963	14.641094608975
32.9108933333333	14.641132339058
32.9161403703704	14.6411695993228
32.9213874074074	14.6412063956195
32.9266344444444	14.6412427337255
32.9318814814815	14.6412786193464
32.9371285185185	14.6413140581163
32.9423755555556	14.6413490555997
32.9476225925926	14.6413836172913
32.9528696296296	14.6414177486178
32.9581166666667	14.6414514549381
32.9633637037037	14.6414847415444
32.9686107407407	14.6415176136629
32.9738577777778	14.6415500764551
32.9791048148148	14.6415821350177
32.9843518518519	14.6416137943843
32.9895988888889	14.6416450595258
32.9948459259259	14.641675935351
33.000092962963	14.6417064267078
33.00534	14.6417365383836
33.010587037037	14.6417662751062
33.0158340740741	14.6417956415445
33.0210811111111	14.6418246423094
33.0263281481481	14.6418532819543
33.0315751851852	14.6418815649759
33.0368222222222	14.6419094958149
33.0420692592593	14.6419370788566
33.0473162962963	14.6419643184319
33.0525633333333	14.6419912188177
33.0578103703704	14.6420177842375
33.0630574074074	14.6420440188625
33.0683044444444	14.6420699268116
33.0735514814815	14.6420955121527
33.0787985185185	14.6421207789029
33.0840455555556	14.6421457310294
33.0892925925926	14.6421703724498
33.0945396296296	14.6421947070332
33.0997866666667	14.6422187386002
33.1050337037037	14.6422424709241
33.1102807407407	14.642265907731
33.1155277777778	14.6422890527008
33.1207748148148	14.6423119094674
33.1260218518519	14.6423344816196
33.1312688888889	14.6423567727014
33.1365159259259	14.6423787862127
33.141762962963	14.6424005256099
33.14701	14.6424219943062
33.152257037037	14.6424431956725
33.1575040740741	14.6424641330375
33.1627511111111	14.6424848096887
33.1679981481482	14.6425052288724
33.1732451851852	14.6425253937947
33.1784922222222	14.6425453076216
33.1837392592593	14.6425649734798
33.1889862962963	14.6425843944571
33.1942333333333	14.6426035736027
33.1994803703704	14.6426225139279
33.2047274074074	14.6426412184065
33.2099744444444	14.6426596899753
33.2152214814815	14.6426779315346
33.2204685185185	14.6426959459484
33.2257155555556	14.6427137360452
33.2309625925926	14.6427313046182
33.2362096296296	14.6427486544257
33.2414566666667	14.642765788192
33.2467037037037	14.6427827086071
33.2519507407407	14.6427994183278
33.2571977777778	14.6428159199776
33.2624448148148	14.6428322161474
33.2676918518519	14.6428483093959
33.2729388888889	14.6428642022499
33.2781859259259	14.6428798972046
33.283432962963	14.6428953967245
33.28868	14.642910703243
33.293927037037	14.6429258191634
33.2991740740741	14.6429407468591
33.3044211111111	14.6429554886738
33.3096681481481	14.6429700469221
33.3149151851852	14.6429844238899
33.3201622222222	14.6429986218345
33.3254092592593	14.643012642985
33.3306562962963	14.6430264895429
33.3359033333333	14.6430401636823
33.3411503703704	14.6430536675502
33.3463974074074	14.6430670032667
33.3516444444444	14.6430801729257
33.3568914814815	14.643093178595
33.3621385185185	14.6431060223166
33.3673855555556	14.643118706107
33.3726325925926	14.6431312319578
33.3778796296296	14.6431436018356
33.3831266666667	14.6431558176826
33.3883737037037	14.6431678814169
33.3936207407407	14.6431797949325
33.3988677777778	14.6431915600999
33.4041148148148	14.6432031787665
33.4093618518519	14.6432146527564
33.4146088888889	14.6432259838713
33.4198559259259	14.6432371738901
33.425102962963	14.6432482245698
33.43035	14.6432591376455
33.435597037037	14.6432699148307
33.4408440740741	14.6432805578174
33.4460911111111	14.6432910682767
33.4513381481481	14.6433014478589
33.4565851851852	14.6433116981936
33.4618322222222	14.6433218208902
33.4670792592593	14.6433318175382
33.4723262962963	14.6433416897071
33.4775733333333	14.6433514389468
33.4828203703704	14.6433610667882
33.4880674074074	14.6433705747429
33.4933144444444	14.6433799643037
33.4985614814815	14.6433892369448
33.5038085185185	14.6433983941223
33.5090555555556	14.6434074372737
33.5143025925926	14.6434163678191
33.5195496296296	14.6434251871606
33.5247966666667	14.6434338966828
33.5300437037037	14.6434424977534
33.5352907407407	14.6434509917226
33.5405377777778	14.6434593799242
33.5457848148148	14.6434676636752
33.5510318518519	14.6434758442763
33.5562788888889	14.6434839230118
33.5615259259259	14.6434919011501
33.566772962963	14.643499779944
33.57202	14.6435075606305
33.577267037037	14.6435152444312
33.5825140740741	14.6435228325525
33.5877611111111	14.6435303261859
33.5930081481482	14.643537726508
33.5982551851852	14.6435450346806
33.6035022222222	14.6435522518511
33.6087492592593	14.6435593791529
33.6139962962963	14.6435664177049
33.6192433333333	14.6435733686122
33.6244903703704	14.6435802329662
33.6297374074074	14.6435870118447
33.6349844444444	14.643593706312
33.6402314814815	14.6436003174193
33.6454785185185	14.6436068462044
33.6507255555556	14.6436132936926
33.6559725925926	14.6436196608961
33.6612196296296	14.6436259488146
33.6664666666667	14.6436321584354
33.6717137037037	14.6436382907335
33.6769607407407	14.6436443466716
33.6822077777778	14.6436503272007
33.6874548148148	14.6436562332598
33.6927018518519	14.6436620657761
33.6979488888889	14.6436678256653
33.7031959259259	14.643673513832
33.708442962963	14.6436791311691
33.71369	14.6436846785586
33.718937037037	14.6436901568716
33.7241840740741	14.6436955669681
33.7294311111111	14.6437009096977
33.7346781481481	14.6437061858991
33.7399251851852	14.6437113964008
33.7451722222222	14.6437165420209
33.7504192592593	14.6437216235673
33.7556662962963	14.6437266418378
33.7609133333333	14.6437315976204
33.7661603703704	14.6437364916932
33.7714074074074	14.6437413248245
33.7766544444444	14.6437460977733
33.7819014814815	14.6437508112889
33.7871485185185	14.6437554661114
33.7923955555556	14.6437600629716
33.7976425925926	14.6437646025914
33.8028896296296	14.6437690856834
33.8081366666667	14.6437735129515
33.8133837037037	14.643777885091
33.8186307407407	14.6437822027882
33.8238777777778	14.643786466721
33.8291248148148	14.643790677559
33.8343718518519	14.6437948359632
33.8396188888889	14.6437989425867
33.8448659259259	14.6438029980741
33.850112962963	14.6438070030623
33.85536	14.6438109581799
33.860607037037	14.6438148640482
33.8658540740741	14.6438187212802
33.8711011111111	14.6438225304816
33.8763481481481	14.6438262922505
33.8815951851852	14.6438300071776
33.8868422222222	14.643833675846
33.8920892592593	14.6438372988319
33.8973362962963	14.6438408767041
33.9025833333333	14.6438444100242
33.9078303703704	14.6438478993472
33.9130774074074	14.6438513452208
33.9183244444444	14.6438547481861
33.9235714814815	14.6438581087774
33.9288185185185	14.6438614275223
33.9340655555556	14.6438647049419
33.9393125925926	14.6438679415508
33.9445596296296	14.6438711378572
33.9498066666667	14.6438742943629
33.9550537037037	14.6438774115635
33.9603007407407	14.6438804899484
33.9655477777778	14.6438835300011
33.9707948148148	14.6438865321987
33.9760418518519	14.6438894970127
33.9812888888889	14.6438924249086
33.9865359259259	14.6438953163461
33.991782962963	14.6438981717791
33.99703	14.6439009916561
34.002277037037	14.6439037764197
34.0075240740741	14.6439065265072
34.0127711111111	14.6439092423503
34.0180181481482	14.6439119243756
34.0232651851852	14.643914573004
34.0285122222222	14.6439171886515
34.0337592592593	14.6439197717287
34.0390062962963	14.6439223226412
34.0442533333333	14.6439248417896
34.0495003703704	14.6439273295693
34.0547474074074	14.6439297863709
34.0599944444444	14.6439322125802
34.0652414814815	14.6439346085782
34.0704885185185	14.643936974741
34.0757355555556	14.6439393114401
34.0809825925926	14.6439416190424
34.0862296296296	14.6439438979103
34.0914766666667	14.6439461484015
34.0967237037037	14.6439483708695
34.1019707407407	14.643950565663
34.1072177777778	14.6439527331268
34.1124648148148	14.6439548736011
34.1177118518519	14.6439569874221
34.1229588888889	14.6439590749216
34.1282059259259	14.6439611364274
34.133452962963	14.6439631722631
34.1387	14.6439651827484
34.143947037037	14.643967168199
34.1491940740741	14.6439691289266
34.1544411111111	14.643971065239
34.1596881481481	14.6439729774403
34.1649351851852	14.6439748658307
34.1701822222222	14.6439767307067
34.1754292592593	14.6439785723611
34.1806762962963	14.6439803910831
34.1859233333333	14.6439821871582
34.1911703703704	14.6439839608684
34.1964174074074	14.6439857124922
34.2016644444444	14.6439874423046
34.2069114814815	14.6439891505773
34.2121585185185	14.6439908375784
34.2174055555556	14.6439925035728
34.2226525925926	14.6439941488221
34.2278996296296	14.6439957735846
34.2331466666667	14.6439973781155
34.2383937037037	14.6439989626666
34.2436407407407	14.6440005274867
34.2488877777778	14.6440020728216
34.2541348148148	14.6440035989138
34.2593818518519	14.6440051060029
34.2646288888889	14.6440065943257
34.2698759259259	14.6440080641157
34.275122962963	14.6440095156038
34.28037	14.6440109490179
34.285617037037	14.6440123645829
34.2908640740741	14.6440137625212
34.2961111111111	14.6440151430523
34.3013581481481	14.6440165063928
34.3066051851852	14.644017852757
34.3118522222222	14.6440191823561
34.3170992592593	14.6440204953989
34.3223462962963	14.6440217920915
34.3275933333333	14.6440230726377
34.3328403703704	14.6440243372384
34.3380874074074	14.6440255860921
34.3433344444444	14.6440268193951
34.3485814814815	14.6440280373408
34.3538285185185	14.6440292401206
34.3590755555556	14.6440304279232
34.3643225925926	14.6440316009353
34.3695696296296	14.6440327593408
34.3748166666667	14.6440339033219
34.3800637037037	14.6440350330579
34.3853107407407	14.6440361487264
34.3905577777778	14.6440372505025
34.3958048148148	14.6440383385592
34.4010518518519	14.6440394130673
34.4062988888889	14.6440404741956
34.4115459259259	14.6440415221105
34.416792962963	14.6440425569768
34.42204	14.6440435789568
34.427287037037	14.644044588211
34.4325340740741	14.6440455848979
34.4377811111111	14.644046569174
34.4430281481482	14.6440475411938
34.4482751851852	14.6440485011099
34.4535222222222	14.6440494490731
34.4587692592593	14.6440503852321
34.4640162962963	14.644051309734
34.4692633333333	14.6440522227239
34.4745103703704	14.6440531243452
34.4797574074074	14.6440540147394
34.4850044444444	14.6440548940464
34.4902514814815	14.6440557624041
34.4954985185185	14.644056619949
34.5007455555556	14.6440574668157
34.5059925925926	14.6440583031371
34.5112396296296	14.6440591290446
34.5164866666667	14.6440599446677
34.5217337037037	14.6440607501347
34.5269807407407	14.644061545572
34.5322277777778	14.6440623311043
34.5374748148148	14.6440631068552
34.5427218518519	14.6440638729464
34.5479688888889	14.6440646294981
34.5532159259259	14.6440653766291
34.558462962963	14.6440661144569
34.56371	14.6440668430971
