0.123707	9.8952E-7	2.80653E-7	6.4744E-7	1.46539E-7	1.3691E-7	9.9574E-6
0.246216	9.9326E-7	2.71307E-7	6.39456E-7	1.42913E-7	1.40312E-7	9.8343E-6
0.368106	9.3841E-7	2.51893E-7	6.18057E-7	1.42629E-7	1.35229E-7	9.7271E-6
0.489994	9.1609E-7	2.48952E-7	6.11765E-7	1.44417E-7	1.35626E-7	9.5309E-6
0.613599	8.8745E-7	2.37282E-7	6.09495E-7	1.38942E-7	1.32497E-7	9.368E-6
0.734331	8.87612E-7	2.21085E-7	5.90922E-7	1.38322E-7	1.31884E-7	9.2406E-6
0.855086	8.52211E-7	2.16454E-7	5.95845E-7	1.41063E-7	1.29141E-7	9.1E-6
0.97585	8.30963E-7	2.17063E-7	5.85457E-7	1.35668E-7	1.27856E-7	8.9962E-6
1.09659	8.05079E-7	2.08833E-7	5.77712E-7	1.34261E-7	1.27351E-7	8.94178E-6
1.21734	8.03914E-7	2.07036E-7	5.65347E-7	1.3195E-7	1.2366E-7	8.77307E-6
1.33807	7.83502E-7	2.06056E-7	5.60053E-7	1.3281E-7	1.25758E-7	8.75601E-6
1.45883	7.71958E-7	1.97618E-7	5.64839E-7	1.33598E-7	1.23839E-7	8.86146E-6
1.57956	7.53396E-7	1.97287E-7	5.5141E-7	1.28448E-7	1.21443E-7	8.56111E-6
1.70033	7.42931E-7	1.92328E-7	5.52407E-7	1.29112E-7	1.2097E-7	8.55344E-6
1.82105	7.24262E-7	1.94874E-7	5.43699E-7	1.28865E-7	1.17902E-7	8.40948E-6
1.94179	7.28789E-7	1.9465E-7	5.39108E-7	1.24162E-7	1.20405E-7	7.80206E-6
2.06254	7.00629E-7	1.98964E-7	5.34815E-7	1.25944E-7	1.18407E-7	2.75307E-6
2.18328	6.90966E-7	1.91893E-7	5.29283E-7	1.22029E-7	1.18199E-7	2.27072E-6
2.30401	6.96983E-7	1.90695E-7	5.20654E-7	1.22371E-7	1.24601E-7	1.91479E-6
2.42477	7.01509E-7	1.91047E-7	5.08655E-7	1.23244E-7	1.21109E-7	1.76084E-6
2.54552	7.13862E-7	1.91475E-7	8.84797E-6	1.20633E-7	1.21816E-7	1.63522E-6
2.66631	7.01428E-7	1.84926E-7	1.25966E-5	1.1966E-7	1.1516E-7	1.46701E-6
2.78706	6.93804E-7	1.81465E-7	1.32443E-5	1.18072E-7	1.15898E-7	1.33239E-6
2.90778	6.89197E-7	1.84209E-7	1.33084E-5	1.1834E-7	1.16738E-7	1.22655E-6
3.02852	6.97395E-7	1.8047E-7	1.37954E-5	1.18266E-7	1.13505E-7	1.13197E-6
3.14926	7.08155E-7	1.76428E-7	1.33316E-5	1.1732E-7	1.16844E-7	1.06921E-6
3.27001	7.08954E-7	1.77825E-7	1.37576E-5	1.1813E-7	1.17479E-7	9.7772E-7
3.39076	7.0593E-7	1.78473E-7	1.4066E-5	1.166E-7	1.16127E-7	9.6593E-7
3.51148	6.85639E-7	1.84733E-7	1.35658E-5	1.14615E-7	1.15278E-7	9.975E-7
3.63223	6.91522E-7	1.76779E-7	1.41863E-5	1.14726E-7	1.17166E-7	9.4606E-7
3.753	7.00034E-7	1.81468E-7	1.42473E-5	1.16064E-7	1.15741E-7	9.619E-7
3.87376	6.97091E-7	1.83568E-7	1.3873E-5	1.17526E-7	1.16559E-7	9.1073E-7
3.99448	7.01007E-7	1.80598E-7	1.44383E-5	2.8781E-7	1.16487E-7	9.1614E-7
4.1155	7.12412E-7	1.83201E-7	1.42386E-5	1.73969E-6	1.15403E-7	9.2972E-7
4.23623	7.07447E-7	1.82721E-7	1.41571E-5	1.99399E-6	1.16226E-7	9.2907E-7
4.357	7.13218E-7	1.83381E-7	1.43974E-5	2.161E-6	1.12599E-7	8.96349E-7
4.47774	7.15173E-7	1.83507E-7	1.39631E-5	2.28186E-6	1.16571E-7	8.72805E-7
4.59851	7.17327E-7	1.89556E-7	1.44147E-5	2.29966E-6	1.17648E-7	8.50824E-7
4.71926	7.14962E-7	1.83037E-7	1.4469E-5	2.32705E-6	1.14961E-7	8.84955E-7
4.83999	7.26746E-7	1.88425E-7	1.3931E-5	2.43114E-6	1.14044E-7	8.67616E-7
4.96076	7.07561E-7	1.86855E-7	1.45191E-5	2.46193E-6	1.14307E-7	8.57274E-7
5.08185	7.06334E-7	1.91383E-7	1.42878E-5	2.48654E-6	1.14683E-7	8.64929E-7
5.20261	7.08134E-7	1.96648E-7	1.41157E-5	2.5279E-6	1.13327E-7	8.64322E-7
5.32336	7.04777E-7	1.94143E-7	1.45997E-5	2.52243E-6	1.15778E-7	8.6483E-7
5.44409	7.11551E-7	2.02881E-7	1.42165E-5	2.55428E-6	1.13499E-7	8.39773E-7
5.56483	7.30016E-7	2.04316E-7	1.45812E-5	2.60558E-6	1.18288E-7	8.0381E-7
5.68559	7.15774E-7	1.97945E-7	1.43618E-5	2.6116E-6	1.19042E-7	8.10752E-7
5.80633	7.29039E-7	2.09798E-7	1.44462E-5	2.64444E-6	1.17652E-7	7.9381E-7
5.92706	7.49295E-7	2.09017E-7	1.44636E-5	2.62972E-6	1.17401E-7	8.14391E-7
6.04779	7.58947E-7	2.10209E-7	1.42837E-5	2.62656E-6	1.18283E-7	7.55218E-7
6.16854	7.43639E-7	2.15156E-7	1.46973E-5	2.68453E-6	1.23532E-7	7.8229E-7
6.29607	6.0242E-6	2.16023E-7	1.42494E-5	2.66086E-6	1.25061E-7	7.75479E-7
6.41793	6.45715E-6	2.10541E-7	1.42803E-5	2.67883E-6	1.23279E-7	7.7151E-7
6.5398	6.56867E-6	2.15531E-7	1.46392E-5	2.75501E-6	1.20824E-7	7.57318E-7
6.66167	6.65733E-6	2.13672E-7	1.42644E-5	2.79705E-6	1.22522E-7	7.74166E-7
6.78357	6.64077E-6	2.1588E-7	1.43503E-5	2.78302E-6	1.21811E-7	7.68421E-7
6.90546	6.50283E-6	2.1455E-7	1.43815E-5	2.80607E-6	1.21424E-7	7.50335E-7
7.02734	6.62862E-6	2.20116E-7	1.40711E-5	2.78941E-6	1.23094E-7	7.63241E-7
7.14923	6.57118E-6	2.17796E-7	6.83304E-6	2.80061E-6	1.21509E-7	7.38028E-7
7.27111	6.57568E-6	2.15579E-7	4.45795E-6	2.82003E-6	1.18584E-7	7.26722E-7
7.39308	6.58755E-6	2.17714E-7	3.6615E-6	2.80966E-6	1.18714E-7	7.38324E-6
7.51504	6.44311E-6	2.12655E-7	3.25691E-6	2.84953E-6	1.19826E-7	8.2253E-6
7.63694	6.46402E-6	2.15737E-7	3.03693E-6	2.86011E-6	1.23415E-7	8.2819E-6
7.75887	6.41584E-6	2.16797E-7	2.66976E-6	2.88768E-6	1.20901E-7	8.21858E-6
7.88076	6.41883E-6	2.16742E-7	2.49472E-6	2.91803E-6	1.22287E-7	8.24539E-6
8.00265	6.45103E-6	2.13651E-7	2.31402E-6	2.91961E-6	3.85887E-6	8.2458E-6
8.12456	6.40323E-6	2.12892E-7	2.18626E-6	2.91921E-6	4.36433E-6	8.16366E-6
8.24643	6.34058E-6	2.16486E-7	2.00795E-6	2.96492E-6	4.54698E-6	8.31138E-6
8.3683	6.43712E-6	2.14553E-7	1.92907E-6	2.92386E-6	4.64151E-6	8.21719E-6
8.49017	6.34281E-6	2.10906E-7	1.8218E-6	2.94438E-6	4.62677E-6	8.20663E-6
8.61211	6.27745E-6	2.15009E-7	1.78828E-6	2.96989E-6	4.67653E-6	8.22735E-6
8.73402	6.45311E-6	2.10017E-7	1.69247E-6	2.96069E-6	4.61118E-6	8.12802E-6
8.8559	6.26725E-6	2.09256E-7	1.66031E-6	2.95708E-6	4.60466E-6	8.15358E-6
8.97778	6.41647E-6	2.07139E-7	1.61765E-6	1.57053E-6	4.68172E-6	8.13395E-6
9.09968	6.35848E-6	2.07912E-7	1.5369E-6	1.17753E-6	4.60473E-6	8.10396E-6
9.2216	6.29665E-6	2.09744E-7	1.48127E-6	1.01008E-6	4.72255E-6	8.12061E-6
9.3435	6.33401E-6	2.11303E-7	1.45439E-6	8.8765E-7	4.68492E-6	7.97664E-6
9.46539	6.17674E-6	2.0996E-7	1.38958E-6	8.1673E-7	4.6672E-6	8.06501E-6
9.58727	6.25272E-6	2.07495E-7	1.37382E-6	7.70344E-7	4.74714E-6	8.19914E-6
9.70914	6.22427E-6	2.14114E-7	1.36043E-6	7.23385E-7	4.69005E-6	8.10447E-6
9.83102	6.21144E-6	2.16164E-7	1.3391E-6	6.85401E-7	4.6995E-6	7.98012E-6
9.95335	6.24018E-6	2.17441E-7	1.30127E-6	6.69353E-7	4.78958E-6	8.1291E-6
10.07618	6.32266E-6	2.10559E-7	1.30088E-6	6.51726E-7	4.75188E-6	8.11296E-6
10.19907	6.25343E-6	2.12602E-7	1.31204E-6	6.27242E-7	4.81707E-6	8.14288E-6
10.32127	6.33734E-6	2.07724E-7	1.24392E-6	6.05917E-7	4.75265E-6	7.97871E-6
10.44321	6.30397E-6	2.07731E-7	1.20864E-6	5.98652E-7	4.72659E-6	8.13789E-6
10.56513	6.2446E-6	2.04562E-7	1.20717E-6	5.76255E-7	4.77638E-6	8.34754E-6
10.68705	6.3653E-6	2.05291E-7	1.20612E-6	5.51801E-7	4.80062E-6	8.09138E-6
10.80894	6.24654E-6	2.04449E-7	1.22352E-6	5.48732E-7	4.84345E-6	8.0864E-6
10.93083	6.26283E-6	2.10188E-7	1.21381E-6	5.2678E-7	4.92216E-6	8.02439E-6
11.05273	6.35207E-6	2.11366E-7	1.18688E-6	5.20352E-7	4.85967E-6	8.07414E-6
11.17465	6.21902E-6	2.15653E-7	1.18426E-6	5.16039E-7	4.89413E-6	8.10777E-6
11.29654	6.26151E-6	2.16235E-7	1.1709E-6	5.1195E-7	4.91958E-6	8.08409E-6
11.41844	2.02536E-6	2.20536E-7	1.17472E-6	4.98882E-7	4.95415E-6	8.0796E-6
11.54032	1.45656E-6	2.1912E-7	1.17362E-6	4.98966E-7	4.97975E-6	8.11435E-6
11.66243	1.21463E-6	2.21021E-7	1.14636E-6	4.95301E-7	4.97106E-6	8.10149E-6
11.78437	1.07267E-6	2.2108E-7	1.17097E-6	4.94814E-7	4.9918E-6	8.10517E-6
11.90646	9.6966E-7	2.1893E-7	1.19317E-6	4.79679E-7	5.06621E-6	8.20915E-6
12.03104	8.52247E-7	2.18364E-7	1.19844E-6	4.7044E-7	5.057E-6	2.69385E-6
12.15216	8.22606E-7	2.18251E-7	1.14626E-6	4.6629E-7	5.0636E-6	2.00488E-6
12.2729	7.53343E-7	2.1871E-7	1.30792E-6	4.77287E-7	5.14148E-6	1.74127E-6
12.39367	7.27326E-7	2.19183E-7	1.39663E-5	4.69838E-7	5.11394E-6	1.54202E-6
12.51439	6.92342E-7	2.23292E-7	1.44487E-5	4.72854E-7	5.18312E-6	1.41675E-6
12.63514	6.77967E-7	2.26538E-7	1.42798E-5	4.68237E-7	5.23244E-6	1.27976E-6
12.75594	6.57652E-7	2.22459E-7	1.47224E-5	4.64324E-7	5.19343E-6	1.22647E-6
12.87669	6.46427E-7	2.22818E-7	1.51257E-5	4.57413E-7	1.82576E-6	1.1221E-6
12.99754	6.44179E-7	2.15011E-7	1.44655E-5	4.43152E-7	1.36524E-6	1.04016E-6
13.11827	6.41423E-7	2.14987E-7	1.45355E-5	4.42655E-7	1.1688E-6	9.9775E-7
13.23902	6.22631E-7	2.15973E-7	1.47172E-5	4.23307E-7	1.07133E-6	9.4042E-7
13.35977	6.15698E-7	2.22344E-7	1.47678E-5	4.30866E-7	9.474E-7	9.1817E-7
13.48053	5.9797E-7	2.24E-7	1.47543E-5	4.25729E-7	8.7239E-7	8.7367E-7
13.60128	6.02052E-7	2.15043E-7	1.45008E-5	4.24934E-7	8.35824E-7	8.42257E-7
13.72204	5.90209E-7	2.21672E-7	1.4417E-5	4.12642E-7	7.58727E-7	8.4691E-7
13.84277	5.90033E-7	2.23634E-7	1.47793E-5	4.12425E-7	7.12254E-7	8.19736E-7
13.96351	5.80689E-7	2.26556E-7	1.46811E-5	4.02611E-7	6.56742E-7	7.89767E-7
14.08426	5.81055E-7	2.31367E-7	1.46393E-5	1.93229E-6	6.52097E-7	7.90947E-7
14.205	5.80101E-7	2.26646E-7	1.46082E-5	2.65071E-6	6.07782E-7	7.39615E-7
14.32572	5.81968E-7	2.22756E-7	1.42761E-5	2.77722E-6	5.78302E-7	7.40179E-7
14.44649	5.60257E-7	2.29343E-7	1.44572E-5	2.80037E-6	5.64523E-7	7.32893E-7
14.56722	5.70754E-7	2.32301E-7	1.44419E-5	2.86599E-6	5.32767E-7	7.23631E-7
14.68794	5.89869E-7	2.33989E-7	1.42159E-5	2.88989E-6	5.30651E-7	7.25593E-7
14.8087	5.90708E-7	2.35169E-7	1.42283E-5	2.92899E-6	5.17677E-7	6.5703E-7
14.92943	5.89044E-7	2.34509E-7	1.41552E-5	2.97419E-6	4.91495E-7	6.83649E-7
15.05018	5.96825E-7	3.87118E-6	1.43135E-5	2.94949E-6	4.74911E-7	6.91165E-7
15.17092	5.954E-7	5.73433E-6	1.42834E-5	2.97448E-6	4.64078E-7	6.70505E-7
15.29164	5.83108E-7	6.07728E-6	1.415E-5	2.98884E-6	4.54596E-7	6.76134E-7
15.4124	5.72763E-7	6.51863E-6	1.43256E-5	3.00948E-6	4.49988E-7	6.74441E-7
15.53314	5.94874E-7	6.62789E-6	1.42208E-5	3.00401E-6	4.48966E-7	6.44404E-7
15.65429	5.9157E-7	6.64809E-6	1.42822E-5	3.0345E-6	4.42634E-7	6.43844E-7
15.77614	6.0728E-7	6.9304E-6	1.44991E-5	3.00744E-6	4.30042E-7	6.39553E-7
15.89689	6.11279E-7	6.97197E-6	1.46578E-5	3.02028E-6	4.19818E-7	6.36287E-7
16.01769	6.0382E-7	7.1017E-6	1.436E-5	3.03729E-6	4.32047E-7	6.27643E-7
16.13845	6.028E-7	7.23857E-6	1.45361E-5	3.03822E-6	4.07065E-7	6.13014E-7
16.25918	6.17401E-7	7.28311E-6	1.46823E-5	2.99614E-6	3.96251E-7	6.29031E-7
16.37995	6.19638E-7	7.36162E-6	1.46953E-5	3.02344E-6	3.95063E-7	6.37581E-7
16.50071	6.1757E-7	7.26569E-6	1.4501E-5	3.0351E-6	3.87583E-7	6.35443E-7
16.62839	6.08181E-6	7.36885E-6	1.41277E-5	3.03435E-6	3.91807E-7	6.16608E-7
16.75031	6.43645E-6	7.40154E-6	1.43406E-5	3.03812E-6	3.78544E-7	6.13213E-7
16.87219	6.5303E-6	7.59978E-6	1.41684E-5	2.99343E-6	3.78016E-7	6.05819E-7
16.99407	6.61561E-6	7.48349E-6	1.40932E-5	3.05105E-6	3.77222E-7	5.95422E-7
17.11598	6.49766E-6	7.57938E-6	1.35832E-5	3.03316E-6	3.71683E-7	5.98096E-7
17.2381	6.60819E-6	7.58075E-6	4.81411E-6	3.00095E-6	3.65407E-7	5.8735E-7
17.36076	6.61629E-6	7.54897E-6	3.91393E-6	3.04306E-6	3.51763E-7	6.14709E-7
17.48264	6.38189E-6	7.65205E-6	3.45393E-6	3.05155E-6	3.45154E-7	6.21231E-7
17.60457	6.55491E-6	7.82103E-6	3.08291E-6	3.08115E-6	3.45431E-7	7.96603E-6
17.72648	6.45187E-6	7.67294E-6	2.7184E-6	3.05015E-6	3.38858E-7	8.11318E-6
17.84837	6.29535E-6	7.87216E-6	2.54015E-6	3.04902E-6	3.30182E-7	8.06043E-6
17.97025	6.52629E-6	7.87067E-6	2.34643E-6	3.05701E-6	4.88498E-6	8.11721E-6
18.09212	6.31012E-6	7.83521E-6	2.18947E-6	3.044E-6	5.10622E-6	8.11616E-6
18.21399	6.22552E-6	8.05789E-6	2.09178E-6	3.05364E-6	5.11914E-6	7.94121E-6
18.33587	6.51285E-6	7.99197E-6	2.00714E-6	3.05873E-6	5.20094E-6	7.91374E-6
18.45781	6.30897E-6	8.13092E-6	1.94725E-6	3.06361E-6	5.16357E-6	7.90083E-6
18.57968	6.48843E-6	8.24714E-6	1.90375E-6	3.03906E-6	5.15917E-6	7.92103E-6
18.70165	6.54245E-6	8.20496E-6	1.82842E-6	3.08595E-6	5.18598E-6	7.80732E-6
18.82351	6.3583E-6	8.16966E-6	1.74504E-6	3.11236E-6	5.07566E-6	7.73899E-6
18.9454	6.52915E-6	8.31063E-6	1.68309E-6	3.09259E-6	5.21484E-6	7.76294E-6
19.06732	6.54632E-6	8.21799E-6	1.6784E-6	2.89135E-6	5.12598E-6	7.63834E-6
19.1892	6.30783E-6	8.38485E-6	1.58723E-6	1.30073E-6	5.12528E-6	7.7615E-6
19.31115	6.37725E-6	8.39456E-6	1.54354E-6	1.07746E-6	5.16087E-6	7.68573E-6
19.43303	6.44491E-6	8.36039E-6	1.52399E-6	9.406E-7	5.10425E-6	7.64258E-6
19.5549	6.39056E-6	8.45593E-6	1.47875E-6	8.52129E-7	5.13744E-6	7.77552E-6
19.67681	6.41635E-6	8.30011E-6	1.39218E-6	7.91746E-7	5.04898E-6	7.68783E-6
19.79868	6.3242E-6	8.50244E-6	1.35645E-6	7.15482E-7	5.05217E-6	7.70719E-6
19.92056	6.4193E-6	8.50221E-6	1.2926E-6	6.4516E-7	5.02931E-6	7.77624E-6
20.04244	6.34122E-6	6.23794E-6	1.30896E-6	6.12062E-7	5.05951E-6	7.59918E-6
20.16432	6.2288E-6	2.99386E-6	1.25319E-6	5.54019E-7	5.06271E-6	7.63804E-6
20.28622	6.36906E-6	2.37319E-6	1.23141E-6	5.32488E-7	5.13253E-6	7.73446E-6
20.40809	6.21672E-6	2.06959E-6	1.17705E-6	5.16729E-7	5.19504E-6	7.63974E-6
20.52997	6.1631E-6	1.7943E-6	1.1793E-6	4.98932E-7	5.29414E-6	7.62969E-6
20.65195	6.32524E-6	1.57226E-6	1.18441E-6	4.91854E-7	5.31216E-6	7.79356E-6
20.77385	6.14672E-6	1.48348E-6	1.16565E-6	4.90694E-7	5.35594E-6	7.81445E-6
20.89574	6.28491E-6	1.42711E-6	1.17458E-6	4.91568E-7	5.34755E-6	7.7396E-6
21.01764	6.20569E-6	1.37317E-6	1.16458E-6	4.78724E-7	5.24293E-6	7.78944E-6
21.13954	1.93129E-6	1.29741E-6	1.18248E-6	4.6485E-7	5.27642E-6	7.86296E-6
21.26142	1.38731E-6	1.20432E-6	1.18168E-6	4.57749E-7	5.3418E-6	7.77822E-6
21.38329	1.19675E-6	1.21357E-6	1.16444E-6	4.65157E-7	5.44161E-6	7.7937E-6
21.50517	1.05158E-6	1.16393E-6	1.18605E-6	4.58156E-7	5.46953E-6	7.8513E-6
21.62705	9.7073E-7	1.08003E-6	1.15184E-6	4.50858E-7	5.38785E-6	7.71291E-6
21.74919	8.8447E-7	1.04281E-6	1.15289E-6	4.50248E-7	5.3801E-6	7.82883E-6
21.87261	8.38261E-7	1.00701E-6	1.1524E-6	4.46208E-7	5.36158E-6	7.83667E-6
21.99352	8.25866E-7	9.8375E-7	1.1603E-6	4.3163E-7	5.32642E-6	7.72874E-6
22.11455	7.75034E-7	9.4972E-7	1.13597E-6	4.29239E-7	5.41932E-6	7.76535E-6
22.23541	7.3435E-7	9.3905E-7	1.1462E-6	4.23341E-7	5.39096E-6	7.82592E-6
22.35616	7.29262E-7	9.4048E-7	1.4126E-5	4.17427E-7	5.50226E-6	3.07122E-6
22.4769	7.06144E-7	9.1767E-7	1.49014E-5	4.14105E-7	5.51349E-6	2.00236E-6
22.59767	6.91297E-7	9.1776E-7	1.49268E-5	4.04043E-7	5.43692E-6	1.6798E-6
22.71846	6.83459E-7	9.2804E-7	1.51431E-5	3.94042E-7	5.48997E-6	1.48462E-6
22.8392	6.56312E-7	9.1502E-7	1.50032E-5	3.93571E-7	1.80808E-6	1.41335E-6
22.95994	6.34719E-7	9.2127E-7	1.50399E-5	3.89949E-7	1.39956E-6	1.28591E-6
23.08071	6.2593E-7	9.2155E-7	1.51418E-5	3.78257E-7	1.20924E-6	1.20652E-6
23.20173	6.22982E-7	9.2011E-7	1.48306E-5	3.76798E-7	1.07079E-6	1.13314E-6
23.32249	6.17041E-7	9.1305E-7	1.48906E-5	3.68683E-7	9.5487E-7	1.09525E-6
23.44322	6.20714E-7	9.1122E-7	1.50302E-5	3.65517E-7	8.73166E-7	1.05598E-6
23.56395	6.13526E-7	9.0411E-7	1.49528E-5	3.61939E-7	8.07767E-7	1.00149E-6
23.6847	5.94465E-7	8.42214E-7	1.50014E-5	3.60226E-7	7.53239E-7	9.7191E-7
23.80545	5.94377E-7	8.653E-7	1.48562E-5	3.60132E-7	6.93436E-7	9.3757E-7
23.9262	5.98561E-7	8.63827E-7	1.49482E-5	3.57351E-7	6.40567E-7	9.054E-7
24.04695	5.80793E-7	8.58914E-7	1.48609E-5	3.57022E-7	6.27183E-7	8.9297E-7
24.16768	5.75661E-7	8.44469E-7	1.48855E-5	2.36694E-6	5.94118E-7	8.26875E-7
24.28848	5.68819E-7	8.21085E-7	1.49352E-5	2.55327E-6	5.67955E-7	7.86836E-7
24.40924	5.74871E-7	8.18268E-7	1.4858E-5	2.73341E-6	5.36502E-7	7.76687E-7
24.52998	5.63213E-7	8.26895E-7	1.48617E-5	2.75197E-6	5.27039E-7	7.43407E-7
24.65073	5.77337E-7	7.79903E-7	1.48746E-5	2.76577E-6	5.17898E-7	7.09275E-7
24.77151	5.68475E-7	7.7622E-7	1.47848E-5	2.82693E-6	5.00402E-7	7.51526E-7
24.89224	5.74291E-7	7.51929E-7	1.47214E-5	2.82415E-6	4.84213E-7	7.43574E-7
25.013	5.83296E-7	7.28315E-6	1.45204E-5	2.81475E-6	4.77285E-7	7.20109E-7
25.13378	5.78618E-7	8.34989E-6	1.46705E-5	2.87301E-6	4.71927E-7	7.2204E-7
25.25454	5.75677E-7	8.54607E-6	1.45842E-5	2.86741E-6	4.5199E-7	6.96773E-7
25.37528	5.96801E-7	8.34231E-6	1.46078E-5	2.86761E-6	4.36103E-7	6.81302E-7
25.49601	5.99652E-7	8.75554E-6	1.45386E-5	2.93517E-6	4.31439E-7	6.6894E-7
25.61676	6.02788E-7	8.66887E-6	1.47568E-5	2.8902E-6	4.30443E-7	6.42818E-7
25.73751	6.07705E-7	8.62564E-6	1.47062E-5	2.90205E-6	4.21758E-7	6.29751E-7
25.85824	6.10724E-7	8.88619E-6	1.46877E-5	2.85494E-6	3.98785E-7	6.31638E-7
25.97897	6.20261E-7	8.63379E-6	1.48012E-5	2.87737E-6	4.18058E-7	6.19128E-7
26.09971	6.17767E-7	8.70851E-6	1.48186E-5	2.93316E-6	4.06368E-7	6.17972E-7
26.22046	6.23554E-7	8.74368E-6	1.47809E-5	2.89249E-6	3.94021E-7	6.15145E-7
26.34913	6.10154E-6	8.57221E-6	1.48202E-5	2.90554E-6	3.90098E-7	6.01634E-7
26.47235	6.35864E-6	8.79705E-6	1.47587E-5	2.95783E-6	3.8521E-7	5.72843E-7
26.59496	6.64342E-6	8.68077E-6	1.48008E-5	2.93038E-6	3.67136E-7	5.55695E-7
26.71686	6.43612E-6	8.73226E-6	1.4911E-5	2.96624E-6	3.56523E-7	5.63422E-7
26.83877	6.58572E-6	8.69755E-6	1.47785E-5	2.92355E-6	3.70684E-7	5.74462E-7
26.96068	6.66072E-6	8.70613E-6	1.4989E-5	2.91478E-6	3.57965E-7	5.54121E-7
27.08268	6.4335E-6	8.77226E-6	1.48486E-5	2.98499E-6	3.46991E-7	5.53203E-7
27.20459	6.61641E-6	8.76017E-6	1.48172E-5	2.96052E-6	3.49216E-7	5.46633E-7
27.32647	6.61571E-6	8.79249E-6	1.42396E-5	2.96198E-6	3.32332E-7	5.39284E-7
27.44838	6.47836E-6	8.85146E-6	4.87794E-6	2.94258E-6	3.3481E-7	6.37627E-6
27.57028	6.62271E-6	8.68227E-6	3.90626E-6	2.9387E-6	3.33502E-7	8.07646E-6
27.69219	6.55571E-6	8.8555E-6	3.44441E-6	2.93287E-6	3.31618E-7	8.08921E-6
27.81407	6.52554E-6	8.93735E-6	3.01911E-6	2.95887E-6	5.10579E-6	8.09266E-6
27.93616	6.53811E-6	8.71797E-6	2.74324E-6	2.98844E-6	5.17319E-6	8.18635E-6
28.0586	6.5406E-6	8.92754E-6	2.47451E-6	2.99974E-6	5.23336E-6	8.1198E-6
28.1805	6.45303E-6	8.91225E-6	2.25167E-6	2.96268E-6	5.32388E-6	8.0789E-6
28.30238	6.40902E-6	8.88517E-6	2.1088E-6	3.02973E-6	5.21463E-6	8.06874E-6
28.42428	6.44024E-6	9.09117E-6	2.06939E-6	2.96419E-6	5.29406E-6	7.92875E-6
28.54617	6.40954E-6	8.85145E-6	1.95159E-6	2.97921E-6	5.35228E-6	7.9124E-6
28.66806	6.48003E-6	8.88613E-6	1.86525E-6	2.9636E-6	5.1925E-6	7.95974E-6
28.78994	6.33888E-6	9.04274E-6	1.83992E-6	2.95433E-6	5.31595E-6	7.75217E-6
28.91188	6.45249E-6	8.97363E-6	1.83633E-6	2.98136E-6	5.29682E-6	7.83068E-6
29.03377	6.54848E-6	8.93769E-6	1.76857E-6	2.54141E-6	5.15016E-6	7.70338E-6
29.15565	6.36993E-6	8.96935E-6	1.75273E-6	1.2117E-6	5.16619E-6	7.79105E-6
29.27758	6.42317E-6	9.04215E-6	1.73372E-6	9.968E-7	5.18939E-6	7.69407E-6
29.39949	6.45987E-6	9.00121E-6	1.64955E-6	9.0229E-7	5.13924E-6	7.65734E-6
29.52137	6.36958E-6	8.94821E-6	1.57296E-6	8.12227E-7	5.24268E-6	7.69844E-6
29.64324	6.48801E-6	9.01691E-6	1.51063E-6	7.49064E-7	5.19673E-6	7.72386E-6
29.76515	6.3935E-6	9.01289E-6	1.4433E-6	6.94802E-7	5.18861E-6	7.77274E-6
29.88704	6.4633E-6	9.15685E-6	1.40898E-6	6.77655E-7	5.22435E-6	7.74456E-6
30.00894	6.43875E-6	9.08597E-6	1.37911E-6	6.39512E-7	5.25395E-6	7.7376E-6
30.13087	6.41094E-6	9.15777E-6	1.31972E-6	6.24074E-7	5.26219E-6	7.65606E-6
30.25274	6.48438E-6	9.22979E-6	1.28755E-6	5.95388E-7	5.35025E-6	7.66714E-6
30.37463	6.41213E-6	9.04387E-6	1.26267E-6	5.74468E-7	5.36891E-6	7.64731E-6
30.49651	6.38761E-6	9.2402E-6	1.24258E-6	5.63927E-7	5.49834E-6	7.66074E-6
30.61841	6.53712E-6	4.13058E-6	1.21574E-6	5.29039E-7	5.45582E-6	7.62825E-6
30.7403	6.35991E-6	2.78975E-6	1.18817E-6	5.25918E-7	5.4438E-6	7.72066E-6
30.86217	6.5307E-6	2.20179E-6	1.17368E-6	5.09167E-7	5.48336E-6	7.75971E-6
30.98404	6.49937E-6	1.93963E-6	1.15741E-6	4.9361E-7	5.50435E-6	7.75814E-6
31.10591	4.09607E-6	1.75524E-6	1.17551E-6	4.81707E-7	5.42338E-6	7.66395E-6
31.22781	1.88071E-6	1.6052E-6	1.15747E-6	4.75965E-7	5.42578E-6	7.7775E-6
31.34969	1.41593E-6	1.48402E-6	1.13804E-6	4.79578E-7	5.35945E-6	7.7477E-6
31.47161	1.16915E-6	1.37623E-6	1.14096E-6	4.54764E-7	5.44224E-6	7.78004E-6
31.59349	1.02772E-6	1.31556E-6	1.14939E-6	4.57387E-7	5.37199E-6	7.82624E-6
31.71537	9.2871E-7	1.20694E-6	1.15408E-6	4.48646E-7	5.36264E-6	7.80294E-6
31.83726	8.9187E-7	1.12875E-6	1.16128E-6	4.48209E-7	5.42305E-6	7.78694E-6
31.96069	8.36001E-7	1.02457E-6	1.11577E-6	4.43133E-7	5.39253E-6	7.79959E-6
32.08143	8.09675E-7	1.0304E-6	1.11324E-6	4.40162E-7	5.35819E-6	7.8214E-6
32.20233	7.83193E-7	9.8036E-7	1.10739E-6	4.3842E-7	5.23122E-6	7.83849E-6
32.32323	7.39743E-7	9.665E-7	1.32204E-5	4.37053E-7	5.30068E-6	7.87034E-6
32.44402	7.07079E-7	9.5122E-7	1.51291E-5	4.3922E-7	5.34744E-6	7.71351E-6
32.56475	6.93765E-7	9.6477E-7	1.48431E-5	4.31133E-7	5.35411E-6	7.80168E-6
32.68551	6.84635E-7	9.7018E-7	1.49154E-5	4.31748E-7	5.35848E-6	7.85006E-6
32.80626	6.50187E-7	9.4251E-7	1.54003E-5	4.2815E-7	1.90317E-6	2.4082E-6
32.92703	6.49156E-7	9.546E-7	1.47994E-5	4.29865E-7	1.37583E-6	1.83845E-6
33.04782	6.32141E-7	9.476E-7	1.53634E-5	4.22217E-7	1.17142E-6	1.56033E-6
33.16858	6.41658E-7	9.4399E-7	1.53995E-5	4.23096E-7	9.9433E-7	1.41796E-6
33.28989	6.24384E-7	9.7722E-7	1.47231E-5	4.19744E-7	9.1124E-7	1.32015E-6
33.41064	6.08705E-7	9.5812E-7	1.54429E-5	4.12624E-7	8.56441E-7	1.20269E-6
33.53139	6.06971E-7	9.2189E-7	1.5141E-5	4.09891E-7	7.80641E-7	1.12203E-6
33.65214	5.87393E-7	8.9001E-7	1.49332E-5	4.15355E-7	7.49936E-7	1.07987E-6
33.7729	5.63991E-7	9.1939E-7	1.55611E-5	4.06535E-7	6.88181E-7	1.02099E-6
33.89364	5.63322E-7	8.9628E-7	1.49169E-5	4.0305E-7	6.53001E-7	9.8024E-7
34.01436	5.66548E-7	8.95615E-7	1.50959E-5	3.97904E-7	6.26724E-7	9.4442E-7
34.1351	5.65251E-7	9.172E-7	1.53272E-5	2.39033E-6	6.00743E-7	9.069E-7
34.25585	5.76255E-7	9.02028E-7	1.48481E-5	2.53967E-6	5.68843E-7	8.66344E-7
34.3766	5.64162E-7	9.1021E-7	1.50036E-5	2.69122E-6	5.4561E-7	8.28683E-7
34.49734	5.7263E-7	8.80168E-7	1.51468E-5	2.76393E-6	5.36607E-7	8.24513E-7
34.61807	5.67539E-7	8.61715E-7	1.48765E-5	2.68578E-6	5.13524E-7	7.82394E-7
34.73881	5.67742E-7	8.78928E-7	1.49973E-5	2.81391E-6	4.9413E-7	7.5177E-7
34.85957	5.56669E-7	8.94712E-7	1.52271E-5	2.79061E-6	4.86724E-7	7.50842E-7
34.98031	5.58529E-7	8.99367E-7	1.48362E-5	2.75373E-6	4.72518E-7	7.40167E-7
35.10103	5.72377E-7	7.96811E-6	1.50811E-5	2.82483E-6	4.62606E-7	7.2839E-7
35.22177	5.65728E-7	8.96814E-6	1.50598E-5	2.81789E-6	4.55349E-7	7.28471E-7
35.34251	5.64441E-7	9.20379E-6	1.45996E-5	2.82384E-6	4.45313E-7	7.10755E-7
35.46327	5.67477E-7	9.17373E-6	1.49179E-5	2.84014E-6	4.35625E-7	7.00351E-7
35.58401	5.7407E-7	9.35043E-6	1.47483E-5	2.83057E-6	4.31646E-7	6.79146E-7
35.70476	5.75373E-7	9.25529E-6	1.45236E-5	2.82693E-6	4.2342E-7	6.72002E-7
35.8255	5.74884E-7	9.40466E-6	1.4898E-5	2.84634E-6	4.10118E-7	6.31269E-7
35.94624	5.9475E-7	9.32879E-6	1.45878E-5	2.88068E-6	4.0419E-7	6.21226E-7
36.067	5.97946E-7	9.24731E-6	1.47446E-5	2.83733E-6	3.97483E-7	6.14453E-7
36.19459	6.17876E-6	9.57811E-6	1.49068E-5	2.91672E-6	3.89366E-7	5.84624E-7
36.31648	6.60081E-6	9.22922E-6	1.46066E-5	2.89245E-6	3.76609E-7	5.90072E-7
36.43834	6.52142E-6	9.30018E-6	1.49416E-5	2.87211E-6	3.78789E-7	5.75592E-7
36.56022	6.63759E-6	9.36203E-6	1.48117E-5	2.90486E-6	3.69809E-7	5.77286E-7
36.68214	6.73986E-6	9.1578E-6	1.45558E-5	2.90636E-6	3.78663E-7	5.59084E-7
36.80402	6.63528E-6	9.44955E-6	1.49591E-5	2.89729E-6	3.67774E-7	5.63148E-7
36.9259	6.84145E-6	9.2521E-6	1.46784E-5	2.87915E-6	3.63349E-7	5.59107E-7
37.04779	6.69968E-6	9.18415E-6	1.47302E-5	2.9116E-6	3.54885E-7	6.37967E-6
37.16969	6.73071E-6	9.56322E-6	1.47422E-5	2.91084E-6	3.53475E-7	7.91313E-6
37.29161	6.76141E-6	9.16218E-6	1.48493E-5	2.89806E-6	3.5382E-7	7.96648E-6
37.41354	6.75551E-6	9.29198E-6	1.46446E-5	2.91882E-6	3.43988E-7	7.81762E-6
37.53543	6.76412E-6	9.34337E-6	1.46599E-5	2.90179E-6	3.45032E-7	7.98472E-6
37.65733	6.70665E-6	9.22811E-6	1.49747E-5	2.90335E-6	3.39315E-7	7.9537E-6
37.77926	6.75305E-6	9.46119E-6	1.49237E-5	2.93166E-6	4.01313E-6	7.85329E-6
37.90116	6.72669E-6	9.42601E-6	6.28606E-6	2.90749E-6	5.31864E-6	7.88132E-6
38.02305	6.70998E-6	9.40713E-6	4.36259E-6	2.93736E-6	5.38439E-6	7.76099E-6
38.14495	6.77949E-6	9.53255E-6	3.61286E-6	2.92854E-6	5.4421E-6	7.81916E-6
38.26687	6.76083E-6	9.29106E-6	3.25177E-6	2.91722E-6	5.55652E-6	7.88652E-6
38.38877	6.71932E-6	9.48962E-6	2.95835E-6	2.97494E-6	5.50083E-6	7.84566E-6
38.51068	6.81231E-6	9.52258E-6	2.66763E-6	2.92198E-6	5.487E-6	7.7714E-6
38.63256	6.70936E-6	9.49619E-6	2.51191E-6	2.92427E-6	5.51678E-6	7.78061E-6
38.75498	6.85864E-6	9.59619E-6	2.33959E-6	2.86461E-6	5.48804E-6	7.82601E-6
38.87685	6.66887E-6	9.46758E-6	2.19032E-6	2.85711E-6	5.51429E-6	7.78E-6
38.99873	6.70056E-6	9.62257E-6	2.02299E-6	2.2762E-6	5.50502E-6	7.67861E-6
39.12064	6.64421E-6	9.74863E-6	1.97662E-6	1.18398E-6	5.43331E-6	7.81989E-6
39.24252	6.65958E-6	9.49569E-6	1.91009E-6	9.9528E-7	5.48221E-6	7.61526E-6
39.3644	6.57918E-6	9.75128E-6	1.85027E-6	8.9755E-7	5.51791E-6	7.64435E-6
39.48632	6.63531E-6	9.5973E-6	1.79216E-6	8.16528E-7	5.44362E-6	7.60888E-6
39.60821	6.58329E-6	9.58608E-6	1.76367E-6	7.43918E-7	5.45123E-6	7.51952E-6
39.73011	6.44667E-6	9.88234E-6	1.7502E-6	7.17098E-7	5.46108E-6	7.60622E-6
39.85199	6.5086E-6	9.65848E-6	1.69533E-6	6.70874E-7	5.47329E-6	7.49294E-6
39.97387	6.51758E-6	9.78259E-6	1.62261E-6	6.41554E-7	5.49612E-6	7.64419E-6
40.09576	6.4935E-6	9.87458E-6	1.61388E-6	6.16789E-7	5.49316E-6	7.57207E-6
40.21766	6.47061E-6	9.5676E-6	1.5764E-6	5.82866E-7	5.45819E-6	7.44697E-6
40.33955	6.43096E-6	9.38022E-6	1.50382E-6	5.62472E-7	5.55948E-6	7.62576E-6
40.46142	6.50184E-6	3.3304E-6	1.49847E-6	5.5736E-7	5.57606E-6	7.68751E-6
40.58329	6.42943E-6	2.51188E-6	1.45945E-6	5.40102E-7	5.56408E-6	7.69031E-6
40.70517	6.35151E-6	2.15891E-6	1.3893E-6	5.24258E-7	5.59248E-6	7.79718E-6
40.8271	6.37458E-6	1.8078E-6	1.35126E-6	5.14656E-7	5.53758E-6	7.76804E-6
40.949	6.31102E-6	1.61027E-6	1.31553E-6	5.0213E-7	5.62785E-6	7.90693E-6
41.07089	6.31951E-6	1.56094E-6	1.28034E-6	4.85594E-7	5.63748E-6	7.79542E-6
41.19277	2.04222E-6	1.4692E-6	1.24646E-6	4.96497E-7	5.66275E-6	7.67399E-6
41.31464	1.44869E-6	1.31286E-6	1.24142E-6	4.87667E-7	5.65954E-6	7.71865E-6
41.43655	1.20465E-6	1.25047E-6	1.25042E-6	4.79513E-7	5.6327E-6	7.65227E-6
41.55845	1.11809E-6	1.1522E-6	1.20744E-6	4.62245E-7	5.62099E-6	7.7224E-6
41.68033	1.00868E-6	1.0553E-6	1.23303E-6	4.55424E-7	5.62903E-6	7.52958E-6
41.80225	9.3717E-7	9.9474E-7	1.15696E-6	4.49773E-7	5.58061E-6	7.60827E-6
41.92413	8.8133E-7	9.6322E-7	1.1667E-6	4.45337E-7	5.66215E-6	2.41078E-6
42.04753	8.50095E-7	9.5168E-7	1.19611E-6	4.44485E-7	5.62285E-6	1.76189E-6
42.16832	8.07325E-7	9.6885E-7	1.11694E-6	4.42394E-7	5.62929E-6	1.53821E-6
42.28909	7.87288E-7	9.7642E-7	1.31713E-5	4.35567E-7	5.70223E-6	1.39011E-6
42.40982	7.41129E-7	9.5005E-7	1.47769E-5	4.36042E-7	5.64029E-6	1.24806E-6
42.53064	7.48354E-7	9.4424E-7	1.518E-5	4.33337E-7	5.67197E-6	1.1748E-6
42.65138	7.15653E-7	9.3203E-7	1.48663E-5	4.23403E-7	5.65008E-6	1.12396E-6
42.77219	7.0324E-7	9.3025E-7	1.5507E-5	4.22583E-7	5.22651E-6	1.05435E-6
42.89294	6.83526E-7	9.5554E-7	1.51944E-5	4.2165E-7	1.70504E-6	9.941E-7
43.01366	6.60457E-7	9.4614E-7	1.49109E-5	4.16065E-7	1.37164E-6	9.7008E-7
43.13441	6.59706E-7	9.2174E-7	1.5631E-5	4.18792E-7	1.16977E-6	9.3372E-7
43.25516	6.39251E-7	9.14E-7	1.50654E-5	4.15409E-7	1.0596E-6	8.7602E-7
43.37591	6.49538E-7	8.9453E-7	1.51623E-5	4.10578E-7	9.8667E-7	8.41952E-7
43.49667	6.22639E-7	9.0563E-7	1.56727E-5	4.0764E-7	8.985E-7	8.15415E-7
43.6174	6.20772E-7	8.61682E-7	1.49198E-5	4.12691E-7	8.48004E-7	7.84875E-7
43.73818	6.20612E-7	8.45493E-7	1.5406E-5	4.05682E-7	7.92116E-7	7.70394E-7
43.85923	5.85987E-7	8.45817E-7	1.53962E-5	4.07871E-7	7.57113E-7	7.58735E-7
43.97999	5.931E-7	8.4918E-7	1.48574E-5	3.98131E-7	7.14934E-7	7.2355E-7
44.10073	5.83332E-7	8.27864E-7	1.54387E-5	3.97025E-7	6.90409E-7	7.3709E-7
44.22149	5.8628E-7	8.45354E-7	1.50634E-5	3.97454E-7	6.54671E-7	7.41077E-7
44.34221	5.85538E-7	8.40857E-7	1.485E-5	3.93311E-7	6.11779E-7	7.08133E-7
44.46303	5.84471E-7	8.48744E-7	1.55311E-5	1.83031E-6	5.96993E-7	7.16563E-7
44.58379	5.87935E-7	8.74359E-7	1.48252E-5	2.51912E-6	5.78829E-7	6.94356E-7
44.70454	5.83571E-7	8.80037E-7	1.50321E-5	2.58422E-6	5.59807E-7	6.85167E-7
44.82526	5.85033E-7	8.89282E-7	1.53455E-5	2.67656E-6	5.46773E-7	6.79017E-7
44.94599	5.80275E-7	8.82514E-7	1.47238E-5	2.68414E-6	5.37486E-7	6.78832E-7
45.06675	5.8416E-7	6.2117E-6	1.52074E-5	2.69928E-6	5.26832E-7	6.74129E-7
45.18749	5.68808E-7	9.2567E-6	1.48234E-5	2.75583E-6	5.18522E-7	6.61189E-7
45.30831	5.73361E-7	9.5905E-6	1.47113E-5	2.70273E-6	4.99829E-7	6.65273E-7
45.42905	5.67118E-7	9.70234E-6	1.5099E-5	2.73994E-6	4.94635E-7	6.40015E-7
45.54979	5.79292E-7	9.70168E-6	1.46657E-5	2.78837E-6	4.89868E-7	6.24045E-7
45.67053	5.92283E-7	9.64184E-6	1.49238E-5	2.75262E-6	4.74285E-7	6.06953E-7
45.79129	5.83287E-7	9.80982E-6	1.50329E-5	2.80904E-6	4.66891E-7	5.85188E-7
45.91203	5.83361E-7	9.70753E-6	1.44941E-5	2.78148E-6	4.60184E-7	5.77708E-7
46.03275	6.06224E-7	9.83641E-6	1.49333E-5	2.77548E-6	4.48976E-7	5.76347E-7
46.1535	6.06282E-7	9.85661E-6	1.48853E-5	2.82968E-6	4.38986E-7	5.52667E-7
46.28112	6.13428E-6	9.80556E-6	1.45912E-5	2.81647E-6	4.4304E-7	5.57889E-7
46.40302	6.57776E-6	9.96088E-6	1.51137E-5	2.84346E-6	4.30303E-7	5.5007E-7
46.5249	6.63266E-6	9.8278E-6	1.47244E-5	2.87432E-6	4.36656E-7	5.64896E-7
46.64677	6.65808E-6	9.89688E-6	1.4768E-5	2.89891E-6	4.31098E-7	5.56298E-7
46.76872	6.78502E-6	1.001442E-5	1.48378E-5	2.81514E-6	4.33838E-7	5.5824E-7
46.8906	6.66666E-6	9.71451E-6	1.45116E-5	2.93352E-6	4.21625E-7	7.61557E-6
47.01249	6.71522E-6	9.90748E-6	1.47527E-5	2.90493E-6	4.24571E-7	7.90184E-6
47.13438	6.7942E-6	9.99038E-6	1.46674E-5	2.84648E-6	4.12375E-7	7.92908E-6
47.25625	6.70741E-6	9.64705E-6	5.30032E-6	2.89098E-6	4.0271E-7	7.95751E-6
47.3782	6.81875E-6	9.99493E-6	4.04896E-6	2.90512E-6	4.0775E-7	7.91462E-6
47.5001	6.83692E-6	9.82427E-6	3.33552E-6	2.88808E-6	3.93431E-7	7.89337E-6
47.62199	6.73288E-6	9.76814E-6	2.93778E-6	2.8969E-6	3.86903E-7	7.79039E-6
47.74389	6.90954E-6	1.019311E-5	2.68454E-6	2.94014E-6	3.77618E-7	7.85821E-6
47.86578	6.8552E-6	9.96086E-6	2.54536E-6	2.88189E-6	5.44888E-6	7.72436E-6
47.98767	6.66594E-6	9.991E-6	2.27682E-6	2.90726E-6	5.65147E-6	7.74989E-6
48.10954	6.92709E-6	1.006902E-5	2.20331E-6	2.98244E-6	5.5809E-6	7.71091E-6
48.23143	6.66663E-6	9.87956E-6	2.05E-6	2.93388E-6	5.75333E-6	7.59118E-6
48.35331	6.6512E-6	9.97732E-6	1.97784E-6	2.98791E-6	5.71841E-6	7.57755E-6
48.47519	6.8456E-6	9.9434E-6	1.90264E-6	3.02404E-6	5.7584E-6	7.60352E-6
48.59707	6.58475E-6	9.92098E-6	1.81635E-6	2.98928E-6	5.83184E-6	7.48683E-6
48.71897	6.73211E-6	9.918E-6	1.77244E-6	3.01203E-6	5.69629E-6	7.58652E-6
48.84086	6.753E-6	9.86275E-6	1.75491E-6	3.00867E-6	5.61341E-6	7.54113E-6
48.96274	6.53775E-6	1.000643E-5	1.71139E-6	2.9469E-6	5.68927E-6	7.52101E-6
49.08462	6.63747E-6	1.007061E-5	1.65686E-6	3.00698E-6	5.58649E-6	7.50961E-6
49.20652	6.56929E-6	9.97431E-6	1.63459E-6	2.97393E-6	5.59418E-6	7.52892E-6
49.32843	6.64472E-6	1.016653E-5	1.55588E-6	2.94434E-6	5.64642E-6	7.51237E-6
49.45097	6.64855E-6	1.006983E-5	1.52284E-6	3.01087E-6	5.62576E-6	7.6601E-6
49.57355	6.59206E-6	9.95546E-6	1.48719E-6	1.28884E-6	5.5585E-6	7.55836E-6
49.69635	6.73036E-6	1.018718E-5	1.44917E-6	1.06046E-6	5.59912E-6	7.45898E-6
49.81836	6.60813E-6	1.00759E-5	1.37156E-6	9.0627E-7	5.55902E-6	7.46883E-6
49.94031	6.66346E-6	3.73391E-6	1.36669E-6	8.42406E-7	5.62157E-6	7.5588E-6
50.06221	6.71045E-6	2.86882E-6	1.31156E-6	7.69342E-7	5.67206E-6	7.51214E-6
50.18414	6.69631E-6	2.33118E-6	1.30716E-6	7.33011E-7	5.63959E-6	7.5723E-6
50.30605	6.73155E-6	2.03809E-6	1.25087E-6	6.80465E-7	5.57943E-6	7.51755E-6
50.42795	6.68621E-6	1.79468E-6	1.21285E-6	6.47143E-7	5.66919E-6	7.56164E-6
50.54984	6.66241E-6	1.62068E-6	1.22525E-6	6.19693E-7	5.69621E-6	7.51124E-6
50.67179	6.78019E-6	1.51324E-6	1.21067E-6	5.97973E-7	5.65918E-6	7.57834E-6
50.7937	6.70704E-6	1.45279E-6	1.19389E-6	5.8037E-7	5.72069E-6	7.62997E-6
50.91556	6.53192E-6	1.40179E-6	1.14223E-6	5.50517E-7	5.64542E-6	7.52041E-6
51.03743	6.7304E-6	1.28094E-6	1.14349E-6	5.45032E-7	5.78941E-6	7.57658E-6
51.15934	2.15226E-6	1.21483E-6	1.1177E-6	5.37854E-7	5.7918E-6	7.62324E-6
51.28125	1.60947E-6	1.10659E-6	1.11961E-6	5.3248E-7	5.74368E-6	7.62436E-6
51.40314	1.27171E-6	1.06082E-6	1.11802E-6	5.07109E-7	5.70952E-6	7.61536E-6
51.52502	1.12026E-6	9.925E-7	1.1411E-6	4.93884E-7	5.72684E-6	7.49742E-6
51.64689	1.06866E-6	9.4589E-7	1.13431E-6	4.94133E-7	5.66504E-6	7.6779E-6
51.76877	9.9805E-7	9.2291E-7	1.13138E-6	4.86876E-7	5.65238E-6	7.75667E-6
51.89067	9.6671E-7	9.181E-7	1.13052E-6	4.80775E-7	5.67515E-6	2.94416E-6
52.01256	9.0837E-7	8.9476E-7	1.10637E-6	4.75875E-7	5.67258E-6	1.97731E-6
52.13599	8.58407E-7	9.0872E-7	1.12418E-6	4.58579E-7	5.74431E-6	1.5796E-6
52.25672	8.17654E-7	9.0357E-7	2.97831E-6	4.62672E-7	5.73598E-6	1.41384E-6
52.37746	7.91533E-7	9.2216E-7	1.39787E-5	4.6106E-7	5.78971E-6	1.29992E-6
52.49821	7.77043E-7	8.7832E-7	1.53047E-5	4.54494E-7	5.73201E-6	1.21648E-6
52.61895	7.58172E-7	8.9569E-7	1.51221E-5	4.52376E-7	5.73428E-6	1.14211E-6
52.73971	7.28317E-7	9.0843E-7	1.48967E-5	4.44245E-7	5.85011E-6	1.10689E-6
52.86043	7.37979E-7	8.77785E-7	1.58972E-5	4.40968E-7	5.79186E-6	1.06271E-6
52.98118	7.22454E-7	8.59047E-7	1.50176E-5	4.36112E-7	2.05069E-6	1.03292E-6
53.10194	6.90589E-7	8.58114E-7	1.49969E-5	4.36323E-7	1.47588E-6	9.3796E-7
53.2227	6.94662E-7	8.57927E-7	1.56362E-5	4.29511E-7	1.24622E-6	8.8826E-7
53.34345	6.7381E-7	8.581E-7	1.49006E-5	4.1964E-7	1.11857E-6	8.54367E-7
53.46419	6.56956E-7	8.45937E-7	1.5062E-5	4.16155E-7	1.00486E-6	8.21162E-7
53.58494	6.48977E-7	8.47079E-7	1.51618E-5	4.17234E-7	9.4069E-7	7.99076E-7
53.70569	6.45874E-7	8.75473E-7	1.50949E-5	4.23901E-7	8.59173E-7	7.6466E-7
53.82647	6.35384E-7	8.44615E-7	1.51023E-5	4.14543E-7	7.84535E-7	7.43683E-7
53.94719	6.33339E-7	8.52343E-7	1.50162E-5	4.17466E-7	7.43551E-7	7.14674E-7
54.06793	6.22937E-7	8.6197E-7	1.48069E-5	4.08889E-7	6.99219E-7	6.89014E-7
54.18867	6.29605E-7	8.48762E-7	1.49445E-5	2.4955E-6	6.69286E-7	6.77337E-7
54.30944	6.0949E-7	8.42142E-7	1.50292E-5	2.63852E-6	6.68304E-7	6.64814E-7
54.43016	6.1323E-7	8.43887E-7	1.47674E-5	2.71669E-6	6.25496E-7	6.55573E-7
54.55101	6.14151E-7	8.51497E-7	1.49914E-5	2.71937E-6	6.00991E-7	6.53568E-7
54.67179	6.23853E-7	8.4886E-7	1.49433E-5	2.82964E-6	5.91748E-7	6.33608E-7
54.79256	6.32976E-7	8.53607E-7	1.47743E-5	2.82387E-6	5.5958E-7	6.27144E-7
54.91332	6.28152E-7	8.00635E-6	1.49428E-5	2.81012E-6	5.54635E-7	6.2919E-7
55.03406	6.40145E-7	9.65638E-6	1.48886E-5	2.8982E-6	5.33323E-7	6.19337E-7
55.15481	6.35925E-7	9.9797E-6	1.46859E-5	2.8667E-6	5.24379E-7	6.04916E-7
55.27559	6.24932E-7	1.0134E-5	1.48198E-5	2.85714E-6	5.1144E-7	5.93913E-7
55.39635	6.32263E-7	1.01921E-5	1.47494E-5	2.813E-6	5.07305E-7	5.8695E-7
55.51713	6.34341E-7	1.02806E-5	1.4714E-5	2.8842E-6	4.94402E-7	5.71708E-7
55.63824	6.42726E-7	1.02806E-5	1.49127E-5	2.84859E-6	4.89807E-7	5.59894E-7
55.75904	6.31084E-7	1.03046E-5	1.4962E-5	2.85099E-6	4.75103E-7	5.7667E-7
55.8798	6.36249E-7	1.03839E-5	1.46013E-5	2.91255E-6	4.697E-7	5.54519E-7
56.00055	6.34263E-7	1.02952E-5	1.49288E-5	2.82845E-6	4.73784E-7	5.52869E-7
56.12132	6.29595E-7	1.03132E-5	1.47543E-5	2.8577E-6	4.70613E-7	5.49272E-7
56.24616	4.58932E-6	1.04401E-5	1.4688E-5	2.92642E-6	4.54391E-7	5.48323E-7
56.36803	6.61551E-6	1.02599E-5	1.49538E-5	2.90173E-6	4.5042E-7	5.32697E-7
56.48993	6.90877E-6	1.03689E-5	1.46925E-5	2.92591E-6	4.47548E-7	5.28827E-7
56.61182	6.66328E-6	1.04281E-5	1.50037E-5	2.98961E-6	4.39938E-7	5.22991E-7
56.73373	7.0535E-6	1.03064E-5	1.4864E-5	2.95979E-6	4.2171E-7	5.04614E-7
56.85561	7.02359E-6	1.03835E-5	1.46458E-5	2.99053E-6	4.24671E-7	5.1737E-7
56.97748	6.74337E-6	1.02937E-5	1.50529E-5	3.03001E-6	4.29437E-7	5.05091E-7
57.09934	7.19724E-6	1.02715E-5	1.48416E-5	2.95232E-6	4.22158E-7	6.29961E-6
57.22126	6.9583E-6	1.04579E-5	1.48574E-5	2.92178E-6	4.14283E-7	7.81281E-6
57.34317	6.8227E-6	1.0186E-5	1.52195E-5	2.92213E-6	4.04181E-7	7.90452E-6
57.46506	7.04548E-6	1.04821E-5	1.47909E-5	2.90606E-6	3.86068E-7	7.88007E-6
57.58694	6.72918E-6	1.03476E-5	1.5123E-5	2.89086E-6	3.93349E-7	7.91149E-6
57.70882	6.96266E-6	1.02299E-5	1.50407E-5	2.90454E-6	3.99559E-7	7.76478E-6
57.83072	6.95132E-6	1.05157E-5	1.27133E-5	2.93657E-6	3.83576E-7	7.8464E-6
57.95262	6.69421E-6	1.02325E-5	4.94217E-6	2.90185E-6	3.83814E-7	7.8108E-6
58.07452	6.96336E-6	1.0329E-5	4.01023E-6	2.92084E-6	3.8472E-7	7.85271E-6
58.19649	6.77823E-6	1.04486E-5	3.48828E-6	2.96231E-6	3.74062E-7	7.69631E-6
58.31839	6.80833E-6	1.00726E-5	3.11953E-6	2.89941E-6	3.63569E-7	7.68482E-6
58.4403	6.71456E-6	1.05118E-5	2.8329E-6	2.94418E-6	3.65589E-7	7.73311E-6
58.56224	6.68013E-6	1.04173E-5	2.59789E-6	2.97525E-6	3.61826E-7	7.65754E-6
58.68418	6.75945E-6	1.02639E-5	2.48945E-6	2.90214E-6	5.55738E-6	7.73455E-6
58.80606	6.652E-6	1.05295E-5	2.3504E-6	3.00953E-6	5.78692E-6	7.63927E-6
58.92793	6.74289E-6	1.02162E-5	2.2334E-6	2.98395E-6	5.85338E-6	7.59541E-6
59.04982	6.73912E-6	1.03743E-5	2.08097E-6	1.31462E-6	5.91558E-6	7.69262E-6
59.17171	6.66439E-6	1.04672E-5	1.97997E-6	1.03962E-6	5.92585E-6	7.64082E-6
59.29366	6.84843E-6	1.01896E-5	1.87042E-6	9.1972E-7	6.01852E-6	7.8504E-6
59.4156	6.67723E-6	1.04707E-5	1.78298E-6	8.41799E-7	6.00724E-6	7.90226E-6
59.53748	6.60529E-6	1.03715E-5	1.74417E-6	7.74824E-7	5.92943E-6	7.68077E-6
59.65936	6.91069E-6	1.01468E-5	1.67751E-6	7.27225E-7	6.00949E-6	7.65452E-6
59.78125	6.6227E-6	1.04141E-5	1.65609E-6	6.84684E-7	5.92679E-6	7.61275E-6
59.90314	6.72711E-6	4.62706E-6	1.63004E-6	6.64587E-7	5.86087E-6	7.64295E-6
60.02503	6.82028E-6	3.08491E-6	1.59517E-6	6.37116E-7	5.89914E-6	7.69171E-6
60.14693	6.50489E-6	2.4544E-6	1.53075E-6	6.06154E-7	5.86749E-6	7.67627E-6
60.26879	6.75799E-6	2.12177E-6	1.50507E-6	5.83511E-7	5.87097E-6	7.76128E-6
60.39128	6.61951E-6	1.84609E-6	1.4343E-6	5.83332E-7	5.90658E-6	7.85171E-6
60.51425	6.56797E-6	1.64878E-6	1.42239E-6	5.53026E-7	5.87905E-6	7.8372E-6
60.63696	6.6278E-6	1.61908E-6	1.40032E-6	5.45479E-7	5.83112E-6	7.78025E-6
60.75889	6.55495E-6	1.51602E-6	1.35487E-6	5.40872E-7	5.90359E-6	7.90645E-6
60.88084	6.70573E-6	1.44983E-6	1.33056E-6	5.29088E-7	5.67391E-6	7.86376E-6
61.00274	6.56231E-6	1.38373E-6	1.31888E-6	5.11747E-7	5.72667E-6	7.89737E-6
61.12474	6.6213E-6	1.28694E-6	1.28604E-6	5.03625E-7	5.67236E-6	7.93208E-6
61.24668	6.76012E-6	1.19222E-6	1.27058E-6	4.86136E-7	5.79096E-6	8.00624E-6
61.36857	6.55327E-6	1.06427E-6	1.20941E-6	4.90342E-7	5.88728E-6	7.94136E-6
61.49049	6.85366E-6	9.8822E-7	1.21859E-6	4.79261E-7	5.91987E-6	7.97184E-6
61.61238	6.80617E-6	9.7184E-7	1.19748E-6	4.70364E-7	5.88374E-6	7.93994E-6
61.73427	6.48134E-6	9.7355E-7	1.15145E-6	4.75477E-7	5.84377E-6	8.01048E-6
61.85617	6.68282E-6	9.736E-7	1.10947E-6	4.59684E-7	5.80864E-6	7.91158E-6
61.97806	6.48684E-6	9.8937E-7	1.10048E-6	4.54037E-7	5.81763E-6	3.34704E-6
62.10035	6.50324E-6	9.6457E-7	1.05736E-6	4.48631E-7	5.76217E-6	2.16799E-6
62.22264	2.1438E-6	9.4469E-7	1.07107E-6	4.50492E-7	5.76313E-6	1.7436E-6
62.34455	1.59538E-6	9.6196E-7	1.08171E-6	4.384E-7	5.77326E-6	1.49859E-6
62.46646	1.2893E-6	9.0551E-7	1.06408E-6	4.44981E-7	5.7742E-6	1.34032E-6
62.58834	1.15188E-6	9.0142E-7	1.02695E-6	4.42554E-7	5.84021E-6	1.26822E-6
62.71023	1.07348E-6	9.1819E-7	1.00908E-6	4.38573E-7	5.78399E-6	1.18153E-6
62.83215	1.00125E-6	9.694E-7	1.03276E-6	4.37552E-7	5.67077E-6	1.13895E-6
62.95402	9.3809E-7	9.4587E-7	1.0041E-6	4.36153E-7	5.73887E-6	1.09126E-6
63.07745	8.7006E-7	9.2389E-7	1.01919E-6	4.35269E-7	2.14327E-6	1.06354E-6
63.19816	8.31065E-7	8.7219E-7	1.02062E-6	4.29213E-7	1.50276E-6	1.02943E-6
63.31889	8.07332E-7	9.0029E-7	1.02301E-6	4.22605E-7	1.24493E-6	9.9453E-7
63.43964	7.73307E-7	8.9758E-7	1.02929E-6	4.16885E-7	1.08932E-6	9.8367E-7
63.56041	7.46051E-7	8.7548E-7	1.011E-6	4.24947E-7	9.7256E-7	9.5113E-7
63.68114	7.1911E-7	8.46308E-7	1.03709E-6	4.26171E-7	9.3269E-7	9.0347E-7
63.8019	7.09311E-7	8.55341E-7	1.03753E-6	4.16236E-7	8.48858E-7	8.8409E-7
63.92264	6.88962E-7	8.37378E-7	1.05184E-6	4.14081E-7	8.02218E-7	8.37171E-7
64.04339	6.7387E-7	8.60236E-7	1.04943E-6	4.12043E-7	7.63427E-7	8.56722E-7
64.16413	6.6437E-7	8.59505E-7	1.0455E-6	4.05171E-7	7.27695E-7	8.42207E-7
64.28493	6.61563E-7	8.5356E-7	1.0493E-6	1.88358E-6	6.78059E-7	8.13234E-7
64.40566	6.43822E-7	8.63469E-7	1.0311E-6	2.5886E-6	6.3511E-7	7.91009E-7
64.52641	6.38046E-7	8.29258E-7	1.02257E-6	2.60436E-6	6.13729E-7	7.8056E-7
64.64716	6.21163E-7	8.11039E-7	1.00077E-6	2.74944E-6	5.98501E-7	7.59206E-7
64.76794	6.18563E-7	8.47073E-7	1.00169E-6	2.73808E-6	5.89395E-7	7.53094E-7
64.88868	6.13886E-7	8.33816E-7	9.9953E-7	2.73278E-6	5.60908E-7	7.30356E-7
65.00941	6.13075E-7	8.22275E-7	9.669E-7	2.7588E-6	5.56013E-7	7.26788E-7
65.13016	6.12134E-7	9.517E-6	9.7659E-7	2.74564E-6	5.39933E-7	7.06818E-7
65.251	6.15269E-7	1.01429E-5	9.5515E-7	2.81097E-6	5.38198E-7	7.1831E-7
65.37175	6.05952E-7	1.03531E-5	9.4294E-7	2.78075E-6	5.23245E-7	7.03702E-7
65.49249	6.08296E-7	1.04062E-5	9.3075E-7	2.84385E-6	5.0806E-7	6.98225E-7
65.61322	6.00289E-7	1.03997E-5	9.2717E-7	2.85874E-6	5.1033E-7	6.6391E-7
65.73487	5.99041E-7	1.05657E-5	9.2344E-7	2.80119E-6	5.05042E-7	6.56142E-7
65.85575	6.05129E-7	1.04335E-5	8.892E-7	2.85916E-6	4.87938E-7	6.57365E-7
65.97647	6.10987E-7	1.0521E-5	8.99023E-7	2.85534E-6	4.66223E-7	6.45572E-7
66.0972	6.22204E-7	1.06485E-5	8.95755E-7	2.80843E-6	4.57623E-7	6.47941E-7
66.21795	6.15671E-7	1.05044E-5	9.06436E-7	2.83617E-6	4.53249E-7	6.37357E-7
66.34552	6.35429E-6	1.05897E-5	8.9648E-7	2.83361E-6	4.52821E-7	6.20901E-7
66.46745	6.36944E-6	1.05605E-5	9.0269E-7	2.82569E-6	4.42586E-7	6.16435E-7
66.58934	6.66362E-6	1.03675E-5	8.95703E-7	2.73129E-6	4.46576E-7	6.12572E-7
66.71126	6.76578E-6	1.05946E-5	8.70762E-7	2.79271E-6	4.36733E-7	6.04066E-7
66.83319	6.55865E-6	1.04347E-5	8.92735E-7	2.77081E-6	4.36883E-7	5.96275E-7
66.95511	6.863E-6	1.04722E-5	8.67219E-7	2.76628E-6	4.33053E-7	5.79359E-7
67.07702	6.78422E-6	1.05075E-5	8.84513E-7	2.7799E-6	4.33399E-7	5.61706E-7
67.19894	6.69466E-6	1.03601E-5	8.64961E-7	2.80715E-6	4.26775E-7	5.59542E-7
67.32084	6.86247E-6	1.04828E-5	8.54337E-7	2.82516E-6	4.2517E-7	7.86587E-6
67.44313	6.64718E-6	1.02738E-5	8.34E-7	2.79451E-6	4.23202E-7	8.30809E-6
67.56633	6.73598E-6	1.0482E-5	8.60959E-7	2.8265E-6	4.19687E-7	8.22904E-6
67.68821	6.86754E-6	1.04538E-5	8.4051E-7	2.8276E-6	4.02819E-7	8.28615E-6
67.81011	6.55602E-6	1.02473E-5	8.3719E-7	2.78602E-6	4.05513E-7	8.32963E-6
67.93201	6.85756E-6	1.04356E-5	8.46351E-7	2.8242E-6	4.36151E-6	8.18174E-6
68.05388	6.82137E-6	1.0315E-5	8.50554E-7	2.81504E-6	5.66958E-6	8.2091E-6
68.17578	6.62689E-6	1.02872E-5	8.12569E-7	2.83038E-6	5.70732E-6	8.12979E-6
68.29769	6.85137E-6	1.05538E-5	8.28342E-7	2.80423E-6	5.76231E-6	7.98745E-6
68.41956	6.76682E-6	1.04954E-5	8.33962E-7	2.85166E-6	5.78827E-6	8.0978E-6
68.54142	6.63125E-6	1.02989E-5	8.04642E-7	2.84141E-6	5.80013E-6	7.95857E-6
68.66337	6.80415E-6	1.04291E-5	8.15471E-7	2.80795E-6	5.72746E-6	7.9663E-6
68.78533	6.655E-6	1.04623E-5	8.18204E-7	2.86275E-6	5.73774E-6	7.89577E-6
68.90726	6.6575E-6	1.03564E-5	8.33294E-7	2.88686E-6	5.70477E-6	7.79695E-6
69.02914	6.73071E-6	1.03082E-5	8.11753E-7	2.73154E-6	5.68062E-6	7.90123E-6
69.15104	6.62942E-6	1.06058E-5	8.27244E-7	2.88417E-6	5.68868E-6	7.90787E-6
69.27294	6.73656E-6	1.02178E-5	8.26687E-7	1.28939E-6	5.68388E-6	7.86853E-6
69.39483	6.77588E-6	1.02965E-5	8.36284E-7	1.03308E-6	5.70721E-6	7.8708E-6
69.51675	6.731E-6	1.06393E-5	8.46369E-7	9.0517E-7	5.75219E-6	7.78083E-6
69.63863	6.82218E-6	1.01129E-5	8.56075E-7	8.15769E-7	5.75655E-6	7.87048E-6
69.76055	6.68566E-6	4.81242E-6	8.4428E-7	7.60696E-7	5.6194E-6	7.76114E-6
69.88243	6.74495E-6	3.08345E-6	8.44495E-7	7.08789E-7	5.58128E-6	7.75672E-6
70.00431	6.74139E-6	2.50101E-6	8.44267E-7	6.7716E-7	5.57445E-6	7.83319E-6
70.12618	6.59257E-6	2.16846E-6	8.24151E-7	6.39933E-7	5.53781E-6	7.75206E-6
70.24811	6.71667E-6	1.96908E-6	8.32785E-7	6.17891E-7	5.52368E-6	7.78812E-6
70.37002	6.62253E-6	1.80411E-6	8.32781E-7	5.92048E-7	5.58813E-6	7.81099E-6
70.49192	6.60478E-6	1.67564E-6	8.34624E-7	5.62867E-7	5.53267E-6	7.66976E-6
70.61381	6.54243E-6	1.55449E-6	8.38215E-7	5.62586E-7	5.5943E-6	7.79308E-6
70.73571	6.55763E-6	1.50473E-6	8.08574E-7	5.29046E-7	5.60659E-6	7.70612E-6
70.85757	6.59022E-6	1.41122E-6	8.03243E-7	5.03059E-7	5.59222E-6	7.70529E-6
70.97945	6.60436E-6	1.32501E-6	8.14479E-7	5.04242E-7	5.61217E-6	7.73714E-6
71.10135	6.6174E-6	1.28314E-6	8.05722E-7	5.00431E-7	5.57245E-6	7.64456E-6
71.22324	6.64434E-6	1.16533E-6	8.08207E-7	4.94745E-7	5.63677E-6	7.80788E-6
71.34514	6.5943E-6	1.09941E-6	8.13924E-7	4.87219E-7	5.66958E-6	7.76963E-6
71.46703	6.65414E-6	1.06431E-6	8.0737E-7	4.70226E-7	5.69149E-6	7.77992E-6
71.58894	2.25327E-6	1.00157E-6	8.22313E-7	4.75512E-7	5.69583E-6	7.75764E-6
71.71079	1.55464E-6	9.8695E-7	8.17256E-7	4.65854E-7	5.75983E-6	7.60902E-6
71.83267	1.27579E-6	9.7541E-7	8.27228E-7	4.52101E-7	5.77662E-6	7.68249E-6
71.95456	1.13376E-6	9.5132E-7	8.05732E-7	4.43301E-7	5.79669E-6	2.64795E-6
72.07643	1.03268E-6	9.3702E-7	8.11481E-7	4.49685E-7	5.68808E-6	1.90269E-6
72.19856	9.707E-7	9.492E-7	8.21418E-7	4.34266E-7	5.77064E-6	1.59631E-6
72.32118	9.4204E-7	9.3539E-7	8.16469E-7	4.43139E-7	5.85474E-6	1.42744E-6
72.44662	8.69297E-7	9.0714E-7	8.18319E-7	4.36583E-7	5.81089E-6	1.3031E-6
72.56747	8.52228E-7	9.2453E-7	8.3151E-7	4.20548E-7	5.74269E-6	1.20013E-6
72.68827	8.16418E-7	9.0864E-7	8.26198E-7	4.17137E-7	5.71857E-6	1.10247E-6
72.80903	7.86629E-7	9.1335E-7	8.26309E-7	4.29257E-7	4.16402E-6	1.05976E-6
72.92977	7.9559E-7	8.9305E-7	8.2577E-7	4.30473E-7	1.70091E-6	9.8909E-7
73.05053	7.62808E-7	9.1376E-7	8.19012E-7	4.20262E-7	1.3556E-6	9.6522E-7
73.17131	7.58284E-7	8.9136E-7	8.23083E-7	4.22315E-7	1.15249E-6	9.5152E-7
73.29208	7.25269E-7	8.74629E-7	8.32249E-7	4.21342E-7	1.05626E-6	8.8776E-7
73.41282	7.17723E-7	8.81923E-7	8.05711E-7	4.10155E-7	9.675E-7	8.64841E-7
73.53483	6.86838E-7	8.64206E-7	8.02813E-7	4.13581E-7	8.9005E-7	8.40441E-7
73.65557	6.88746E-7	8.6955E-7	7.94311E-7	4.11444E-7	8.29199E-7	8.67058E-7
73.77633	6.60044E-7	8.65706E-7	8.0373E-7	4.08233E-7	7.79638E-7	8.32662E-7
73.89706	6.67687E-7	8.52174E-7	7.89003E-7	3.98658E-7	7.16277E-7	7.84286E-7
74.0178	6.61871E-7	8.77898E-7	8.07723E-7	4.07115E-7	6.89085E-7	7.68407E-7
74.13854	6.45749E-7	8.74156E-7	7.79964E-7	4.0301E-7	6.61377E-7	7.61778E-7
74.25932	6.48158E-7	8.57256E-7	8.04211E-7	3.95817E-7	6.41906E-7	7.61082E-7
74.3801	6.43567E-7	8.66135E-7	8.14748E-7	4.02537E-7	6.13907E-7	7.40817E-7
74.50085	6.40586E-7	8.63192E-7	8.0017E-7	4.00811E-7	5.91304E-7	7.18669E-7
74.62159	6.34398E-7	8.45001E-7	8.06531E-7	3.89972E-7	5.65973E-7	7.18755E-7
74.74236	6.4508E-7	8.37404E-7	7.91677E-7	1.78585E-6	5.64509E-7	7.13491E-7
74.8631	6.27801E-7	9.4812E-6	7.93562E-7	2.55847E-6	5.63703E-7	7.32949E-7
74.98385	6.31711E-7	9.9222E-6	7.97584E-7	2.53026E-6	5.34632E-7	6.95704E-7
75.10459	6.28519E-7	1.03182E-5	7.9482E-7	2.62772E-6	5.34447E-7	6.9001E-7
75.22533	6.40333E-7	1.03661E-5	7.93705E-7	2.69302E-6	5.16488E-7	6.92245E-7
75.34607	6.22717E-7	1.03712E-5	7.86418E-7	2.63614E-6	4.99631E-7	6.58864E-7
75.46681	6.13368E-7	1.08209E-5	7.91146E-7	2.69701E-6	4.85065E-7	6.51678E-7
75.58756	6.13633E-7	1.05488E-5	7.89742E-7	2.73332E-6	4.74263E-7	6.39186E-7
75.70831	6.23418E-7	1.0443E-5	7.81628E-7	2.73868E-6	4.57124E-7	6.23078E-7
75.82903	6.13506E-7	1.07947E-5	7.91609E-7	2.72659E-6	4.54823E-7	6.22213E-7
75.95004	6.15013E-7	1.0363E-5	7.92903E-7	2.71116E-6	4.46013E-7	6.24237E-7
76.07079	6.22048E-7	1.03278E-5	7.90442E-7	2.82037E-6	4.25687E-7	6.04961E-7
76.19156	6.30156E-7	1.05546E-5	7.91549E-7	2.71719E-6	4.3772E-7	6.13119E-7
76.31232	6.35719E-7	1.01932E-5	8.03955E-7	2.72296E-6	4.25802E-7	5.88448E-7
76.43307	6.28423E-7	1.03017E-5	7.97615E-7	2.78389E-6	4.22939E-7	5.74984E-7
76.55383	6.11366E-7	1.05063E-5	7.9351E-7	2.79159E-6	4.1978E-7	5.87414E-7
76.67472	6.40056E-7	1.03446E-5	8.1096E-7	2.79351E-6	4.14531E-7	6.05613E-7
76.7955	6.33218E-7	1.0439E-5	7.96188E-7	2.75611E-6	4.16999E-7	5.84076E-7
76.9165	6.39984E-7	1.03128E-5	8.00131E-7	2.75424E-6	4.15159E-7	5.85055E-7
77.03723	6.43617E-7	1.03276E-5	7.94658E-7	2.73238E-6	4.16195E-7	5.8684E-7
77.15796	6.5762E-7	1.04558E-5	7.92582E-7	2.79433E-6	4.02795E-7	5.85921E-7
77.27874	6.41423E-7	1.02591E-5	8.05365E-7	2.76081E-6	3.9352E-7	5.80186E-7
77.39949	6.53389E-7	1.03697E-5	7.96634E-7	2.71627E-6	3.82642E-7	7.9522E-6
77.52023	6.44597E-7	1.03259E-5	7.97282E-7	2.84376E-6	3.82851E-7	8.14374E-6
77.64096	6.49827E-7	1.01267E-5	8.12017E-7	2.80358E-6	3.79277E-7	7.99671E-6
77.7617	6.28018E-7	1.03905E-5	8.05394E-7	2.75551E-6	3.64799E-7	8.20367E-6
77.88247	6.48938E-7	1.0072E-5	8.07282E-7	2.82503E-6	3.7457E-7	8.08395E-6
78.00323	6.53954E-7	1.0124E-5	7.992E-7	2.77999E-6	3.65278E-7	7.95182E-6
78.12395	6.51619E-7	1.02849E-5	8.14655E-7	2.76461E-6	5.59117E-6	8.08815E-6
78.24468	6.64114E-7	9.9996E-6	8.06472E-7	2.79966E-6	5.68758E-6	7.89969E-6
78.36543	6.78121E-7	1.02942E-5	8.02172E-7	2.78516E-6	5.88267E-6	8.00543E-6
78.48617	6.69199E-7	1.02867E-5	8.19609E-7	2.76016E-6	5.77269E-6	7.95378E-6
78.60694	6.77623E-7	1.02278E-5	8.23225E-7	2.8369E-6	5.74815E-6	7.96293E-6
78.72768	6.85263E-7	1.02961E-5	8.10724E-7	2.80857E-6	5.92997E-6	8.01381E-6
78.84843	6.90535E-7	1.03124E-5	8.193E-7	2.82552E-6	5.77139E-6	7.85778E-6
78.96917	6.99018E-7	1.04088E-5	8.06742E-7	2.77045E-6	5.88057E-6	7.89978E-6
79.08992	7.01625E-7	1.02982E-5	7.85561E-7	2.83844E-6	5.89521E-6	7.8044E-6
79.21066	6.98362E-7	1.02586E-5	7.97647E-7	1.2391E-6	5.95783E-6	7.6712E-6
79.3314	7.06266E-7	1.04462E-5	7.82782E-7	1.02518E-6	5.96458E-6	7.75467E-6
79.45214	7.18957E-7	1.02065E-5	7.85008E-7	8.9065E-7	5.88723E-6	7.81437E-6
79.57288	7.05452E-7	1.02222E-5	7.90984E-7	8.12581E-7	5.94035E-6	7.7731E-6
79.69361	7.11511E-7	5.54169E-6	8.01464E-7	7.5945E-7	5.92999E-6	7.87382E-6
79.81436	6.97542E-7	3.36279E-6	8.0645E-7	7.09817E-7	5.87735E-6	7.71008E-6
79.93514	7.20673E-7	2.6334E-6	8.01602E-7	6.63038E-7	5.85887E-6	7.70943E-6
80.05586	7.12728E-7	2.25672E-6	8.05606E-7	6.42053E-7	5.77784E-6	7.68895E-6
80.17661	7.10787E-7	2.01076E-6	7.97651E-7	6.08338E-7	5.87081E-6	7.818E-6
80.29734	7.24444E-7	1.8617E-6	7.96928E-7	5.83993E-7	5.79065E-6	7.95378E-6
80.4183	7.23591E-7	1.69998E-6	8.15433E-7	5.74867E-7	5.84791E-6	7.71284E-6
80.53914	7.35463E-7	1.66836E-6	7.99652E-7	5.46942E-7	5.95608E-6	7.73802E-6
80.65988	7.33831E-7	1.55019E-6	7.99013E-7	5.49899E-7	5.82188E-6	7.67381E-6
80.78065	7.43798E-7	1.4814E-6	7.89105E-7	5.28916E-7	5.79674E-6	7.65894E-6
80.90139	7.38234E-7	1.44077E-6	7.65927E-7	5.0585E-7	5.83083E-6	7.77853E-6
81.02213	7.25996E-7	1.3255E-6	7.9367E-7	5.05769E-7	5.7669E-6	7.72049E-6
81.14287	7.39453E-7	1.27477E-6	7.98977E-7	4.92283E-7	5.8179E-6	7.73898E-6
81.26361	7.41659E-7	1.17103E-6	7.94641E-7	4.88478E-7	5.68763E-6	7.75342E-6
81.38438	7.51902E-7	1.08993E-6	8.00287E-7	4.83523E-7	5.72483E-6	7.67562E-6
81.50512	7.40336E-7	1.07634E-6	7.98063E-7	4.80467E-7	5.83955E-6	7.62625E-6
81.6259	7.49192E-7	1.01353E-6	8.07392E-7	4.70085E-7	5.81254E-6	7.5512E-6
81.74664	7.56284E-7	9.6561E-7	8.12537E-7	4.73213E-7	5.84287E-6	7.604E-6
81.86738	7.73554E-7	9.6869E-7	7.92895E-7	4.61684E-7	5.84893E-6	7.55733E-6
81.98812	7.73764E-7	9.7178E-7	8.00473E-7	4.50131E-7	5.79674E-6	7.54278E-6
82.10886	7.82056E-7	9.4387E-7	8.00316E-7	4.49924E-7	5.81753E-6	3.97294E-6
82.22962	7.84624E-7	9.7424E-7	8.02554E-7	4.39177E-7	5.7628E-6	2.10449E-6
82.35035	7.8685E-7	9.5683E-7	7.79487E-7	4.39845E-7	5.87313E-6	1.65499E-6
82.47109	7.68818E-7	9.3715E-7	7.79292E-7	4.45448E-7	5.85341E-6	1.40831E-6
82.59181	7.69903E-7	9.4015E-7	7.77328E-7	4.37753E-7	5.82229E-6	1.26008E-6
82.71256	7.65659E-7	9.2551E-7	7.8417E-7	4.38215E-7	5.77046E-6	1.15192E-6
82.8334	7.69864E-7	9.2811E-7	7.82061E-7	4.23616E-7	5.2425E-6	1.07044E-6
82.95415	7.64188E-7	9.1353E-7	7.77413E-7	4.23698E-7	1.67385E-6	1.05347E-6
83.07489	7.51557E-7	9.0426E-7	7.66009E-7	4.366E-7	1.33033E-6	1.02172E-6
83.19562	7.48242E-7	9.1178E-7	7.50439E-7	4.30729E-7	1.11334E-6	9.6692E-7
83.31637	7.69032E-7	8.9914E-7	7.62443E-7	4.17714E-7	9.9748E-7	9.1522E-7
83.43713	7.6625E-7	9.1245E-7	7.8325E-7	4.20767E-7	9.1063E-7	8.8316E-7
83.55787	7.75864E-7	9.1106E-7	7.72369E-7	4.13187E-7	8.40944E-7	8.31157E-7
83.67861	8.1398E-7	9.1165E-7	7.63407E-7	4.14605E-7	7.99193E-7	8.13839E-7
83.79934	8.03177E-7	9.0851E-7	7.53293E-7	4.10133E-7	7.52603E-7	8.05348E-7
83.92008	8.09107E-7	8.9903E-7	7.70652E-7	4.12253E-7	7.08867E-7	8.08239E-7
84.04083	8.04179E-7	9.1369E-7	7.63467E-7	4.06157E-7	6.7773E-7	8.29514E-7
84.16212	8.13038E-7	9.409E-7	7.55227E-7	4.03987E-7	6.44935E-7	8.0168E-7
84.28289	8.05741E-7	8.9599E-7	7.7508E-7	4.07318E-7	6.24722E-7	7.76014E-7
84.40362	8.08562E-7	8.72361E-7	7.6331E-7	4.03466E-7	6.09088E-7	7.49444E-7
84.52438	8.03274E-7	8.75646E-7	7.45896E-7	3.97385E-7	5.98049E-7	7.51616E-7
84.64513	7.94512E-7	8.61299E-7	7.6125E-7	3.94186E-7	5.67485E-7	7.3705E-7
84.76593	7.97571E-7	9.66694E-6	7.89343E-7	3.97231E-7	5.55154E-7	7.10422E-7
84.88672	7.97482E-7	1.01529E-5	7.69676E-7	3.91113E-7	5.63749E-7	7.05801E-7
85.00745	8.04251E-7	1.05576E-5	7.73448E-7	3.87521E-7	5.4709E-7	6.87277E-7
85.1284	8.24117E-7	1.06763E-5	7.71132E-7	3.90575E-7	5.3686E-7	6.84383E-7
85.24967	8.31978E-7	1.05109E-5	7.63951E-7	3.81141E-7	5.31398E-7	6.68657E-7
85.37044	8.26226E-7	1.07001E-5	7.63859E-7	3.78837E-7	5.1912E-7	6.67455E-7
85.49117	8.17752E-7	1.05729E-5	7.69972E-7	3.83846E-7	5.07561E-7	6.63433E-7
85.6119	8.27665E-7	1.04552E-5	7.73214E-7	3.79301E-7	5.03155E-7	6.55255E-7
85.73266	8.30343E-7	1.0438E-5	7.82434E-7	3.81E-7	4.9612E-7	6.43052E-7
85.85344	8.36434E-7	1.0471E-5	7.73803E-7	3.73062E-7	4.93354E-7	6.18758E-7
85.97421	8.32792E-7	1.05124E-5	7.63125E-7	3.76858E-7	4.829E-7	6.43188E-7
86.09493	8.19413E-7	1.06748E-5	7.60801E-7	3.6184E-7	4.68833E-7	6.39049E-7
86.21567	8.28043E-7	1.06446E-5	7.6133E-7	3.67441E-7	4.72411E-7	6.26326E-7
86.33642	8.38579E-7	1.06497E-5	7.62442E-7	3.69133E-7	4.59844E-7	6.20242E-7
86.45718	8.19913E-7	1.05129E-5	7.44847E-7	3.66566E-7	4.40907E-7	6.12572E-7
86.57792	8.24122E-7	1.04731E-5	7.52114E-7	3.68582E-7	4.45867E-7	6.02397E-7
86.69866	8.2399E-7	1.05347E-5	7.48461E-7	3.70734E-7	4.45702E-7	5.76972E-7
86.8194	8.24789E-7	1.04187E-5	7.50777E-7	3.71421E-7	4.38612E-7	5.86495E-7
86.94015	8.10182E-7	1.05435E-5	7.42122E-7	3.69331E-7	4.23897E-7	5.65003E-7
87.06098	8.19734E-7	1.03462E-5	7.48205E-7	3.65524E-7	4.17213E-7	5.56072E-7
87.18171	8.21997E-7	1.03742E-5	7.59874E-7	3.60093E-7	4.13709E-7	5.74121E-7
87.30245	8.25853E-7	1.04556E-5	7.4853E-7	3.64518E-7	4.21063E-7	5.61803E-7
87.42319	8.12176E-7	1.0491E-5	7.44465E-7	3.60775E-7	4.11375E-7	5.54956E-7
87.54408	8.17691E-7	1.03433E-5	7.70479E-7	3.58479E-7	4.14843E-7	5.55232E-7
87.66483	8.22296E-7	1.07231E-5	7.68078E-7	3.60518E-7	4.10713E-7	5.46803E-7
87.78557	8.11751E-7	1.07124E-5	7.73975E-7	3.56584E-7	4.10709E-7	5.45355E-7
87.90633	8.09844E-7	1.06356E-5	7.67589E-7	3.5443E-7	4.04213E-7	5.52903E-7
88.0272	8.13246E-7	1.09235E-5	7.77103E-7	3.49647E-7	3.96149E-7	5.36911E-7
88.14848	8.07037E-7	1.07313E-5	7.71666E-7	3.59982E-7	4.01889E-7	5.20026E-7
88.26926	8.06518E-7	1.08203E-5	7.64737E-7	3.49622E-7	3.87854E-7	5.15585E-7
88.39002	8.19934E-7	1.08269E-5	7.51569E-7	3.54282E-7	3.92623E-7	5.30619E-7
88.51077	8.12906E-7	1.07926E-5	7.5389E-7	3.53171E-7	3.94658E-7	5.15407E-7
88.63153	8.11527E-7	1.07712E-5	7.56696E-7	3.46519E-7	3.88868E-7	5.15478E-7
88.7523	8.18192E-7	1.09087E-5	7.57186E-7	3.45451E-7	3.91939E-7	4.93717E-7
88.87308	8.23165E-7	1.0678E-5	7.57483E-7	3.44828E-7	3.90462E-7	5.04061E-7
88.99382	8.11064E-7	1.09456E-5	7.67449E-7	3.44011E-7	3.7418E-7	4.97068E-7
89.11474	8.12612E-7	1.0832E-5	7.46846E-7	3.42199E-7	3.79469E-7	5.01E-7
89.23547	8.15075E-7	1.0756E-5	7.75298E-7	3.38897E-7	3.75324E-7	5.09122E-7
89.3562	8.00066E-7	1.09454E-5	7.64769E-7	3.38547E-7	3.76408E-7	4.98574E-7
89.47696	8.18969E-7	1.06953E-5	7.75928E-7	3.399E-7	3.72233E-7	5.01508E-7
89.59771	8.32597E-7	1.0733E-5	7.78802E-7	3.44635E-7	3.67491E-7	5.06198E-7
89.71845	8.01648E-7	1.0969E-5	7.7815E-7	3.45374E-7	3.73558E-7	5.1297E-7
89.83919	8.12455E-7	1.06079E-5	7.71582E-7	3.31412E-7	3.72797E-7	5.16309E-7
89.95994	8.36281E-7	1.07725E-5	7.71823E-7	3.37322E-7	3.67122E-7	5.13331E-7
90.08069	8.44659E-7	1.08704E-5	7.51232E-7	3.29772E-7	3.55335E-7	5.05833E-7
90.20143	8.30408E-7	4.69082E-6	7.80702E-7	3.2882E-7	3.59255E-7	5.07029E-7
90.32215	8.34668E-7	3.25175E-6	7.56506E-7	3.28184E-7	3.58872E-7	4.99402E-7
90.44289	8.49339E-7	2.66461E-6	7.59942E-7	3.29443E-7	3.57125E-7	4.94981E-7
90.56363	8.3641E-7	2.31318E-6	7.64299E-7	3.33033E-7	3.54805E-7	4.94762E-7
90.68441	8.42877E-7	2.10383E-6	7.53425E-7	3.26419E-7	3.49918E-7	4.93822E-7
90.80516	8.5367E-7	1.88055E-6	7.69155E-7	3.21014E-7	3.50303E-7	4.81066E-7
90.92591	8.58623E-7	1.72313E-6	7.57461E-7	3.31599E-7	3.4661E-7	4.82638E-7
91.04666	8.39348E-7	1.66874E-6	7.61837E-7	3.27481E-7	3.447E-7	4.85815E-7
91.16739	8.34183E-7	1.49904E-6	7.60736E-7	3.18965E-7	3.43353E-7	4.78915E-7
91.28815	8.36375E-7	1.39485E-6	7.5455E-7	3.28316E-7	3.42313E-7	4.64054E-7
91.4089	8.46353E-7	1.35227E-6	7.61403E-7	3.21712E-7	3.35408E-7	4.64346E-7
91.52964	8.4537E-7	1.2743E-6	7.61267E-7	3.25314E-7	3.3865E-7	4.72744E-7
91.65037	8.59206E-7	1.22262E-6	7.6364E-7	3.13924E-7	3.39039E-7	4.66184E-7
91.77111	8.475E-7	1.17556E-6	7.65986E-7	3.22443E-7	3.28501E-7	4.75123E-7
91.89186	8.50484E-7	1.0874E-6	7.71367E-7	3.23654E-7	3.21068E-7	4.59399E-7
92.01262	8.65348E-7	1.03939E-6	7.72538E-7	3.28518E-7	3.15841E-7	4.60124E-7
92.13334	8.5342E-7	1.0246E-6	7.86979E-7	3.20765E-7	3.24828E-7	4.50419E-7
92.25406	8.50119E-7	9.974E-7	7.97444E-7	3.185E-7	3.27851E-7	4.52831E-7
92.37481	8.50662E-7	9.7478E-7	7.89664E-7	3.14559E-7	3.24919E-7	4.4643E-7
92.49555	8.62273E-7	9.5516E-7	8.03573E-7	3.15355E-7	3.27653E-7	4.50865E-7
92.6163	8.65688E-7	9.6922E-7	7.85938E-7	3.18127E-7	3.16991E-7	4.50602E-7
92.73703	8.60395E-7	9.733E-7	7.80763E-7	3.17336E-7	3.25482E-7	4.4798E-7
92.85806	8.41487E-7	9.6009E-7	7.80357E-7	3.10921E-7	3.2178E-7	4.52801E-7
92.97881	8.67298E-7	9.2977E-7	7.77031E-7	3.13176E-7	3.23312E-7	4.52575E-7
93.09959	8.85209E-7	9.5737E-7	7.85021E-7	3.15995E-7	3.10365E-7	4.56184E-7
93.22036	8.69332E-7	9.6015E-7	7.67754E-7	3.22048E-7	3.13409E-7	4.47468E-7
93.34109	8.65371E-7	9.4839E-7	7.63901E-7	3.23192E-7	3.09383E-7	4.44909E-7
93.46182	8.67672E-7	9.1732E-7	7.68243E-7	3.18937E-7	3.09974E-7	4.53458E-7
93.58257	8.49309E-7	9.3716E-7	7.67824E-7	3.12575E-7	3.06471E-7	4.59075E-7
93.70333	8.61362E-7	9.1924E-7	7.8002E-7	3.11446E-7	3.00245E-7	4.60409E-7
93.82408	8.73108E-7	9.1909E-7	7.6646E-7	3.11548E-7	3.01175E-7	4.58633E-7
93.94482	8.70721E-7	9.1706E-7	7.73384E-7	3.13903E-7	3.05545E-7	4.6352E-7
94.06555	8.74785E-7	8.9939E-7	7.5605E-7	3.14375E-7	3.01322E-7	4.52733E-7
